0 0.831673 
1 1.169827 
2 0.914152 
3 0.795388 
4 0.979570 
5 1.295534 
6 1.135932 
7 1.129977 
8 0.836786 
9 1.241944 
10 1.193779 
11 0.865022 
12 1.261342 
13 1.174668 
14 0.940387 
15 1.216592 
16 0.918235 
17 1.171851 
18 0.856518 
19 1.294928 
20 1.039419 
21 0.908254 
22 1.105750 
23 1.003004 
24 0.675554 
25 1.225920 
26 1.022667 
27 0.705584 
28 0.793180 
29 0.651208 
30 0.989310 
31 1.113792 
32 0.860125 
33 0.790978 
34 1.070200 
35 0.901273 
36 1.009361 
37 0.798482 
38 1.168335 
39 1.366663 
40 1.000842 
41 0.809884 
42 1.405556 
43 1.312979 
44 0.950210 
45 1.103569 
46 1.085278 
47 0.935977 
48 0.816533 
49 0.708068 
50 1.108458 
51 0.999732 
52 0.603106 
53 1.027720 
54 0.903990 
55 0.845995 
56 0.714131 
57 0.877284 
58 1.088705 
59 0.880045 
60 1.233732 
61 1.072851 
62 1.234240 
63 0.731424 
64 0.658447 
65 0.894860 
66 1.228006 
67 1.186667 
68 0.859151 
69 0.930855 
70 1.048899 
71 0.908900 
72 1.165775 
73 1.111110 
74 1.143007 
75 0.727631 
76 1.039027 
77 1.303985 
78 1.184131 
79 1.090680 
80 0.951962 
81 1.323760 
82 1.014041 
83 1.024027 
84 1.147534 
85 1.102783 
86 1.099142 
87 0.892418 
88 0.687451 
89 0.765172 
90 1.273238 
91 0.880353 
92 0.787511 
93 1.019231 
94 0.835986 
95 1.222461 
96 0.867473 
97 1.169999 
98 0.972981 
99 0.946778 
100 1.007955 
101 0.749670 
102 0.828793 
103 1.007461 
104 1.158046 
105 0.896035 
106 1.063793 
107 0.959454 
108 0.763949 
109 0.782885 
110 1.001383 
111 1.186477 
112 0.678960 
113 0.784994 
114 0.884277 
115 0.795920 
116 0.887773 
117 1.325833 
118 1.462004 
119 1.042864 
120 1.401312 
121 0.783310 
122 0.880696 
123 0.685000 
124 1.030850 
125 0.717050 
126 1.126481 
127 1.025690 
128 0.658801 
129 0.961581 
130 1.356057 
131 1.084548 
132 1.041563 
133 1.101309 
134 0.964443 
135 0.993451 
136 1.082371 
137 0.848026 
138 1.062604 
139 1.250088 
140 0.998168 
141 1.112850 
142 1.661152 
143 0.859602 
144 1.103516 
145 1.045197 
146 1.064713 
147 1.119594 
148 1.193372 
149 0.737974 
150 0.826692 
151 1.222247 
152 0.878772 
153 0.995627 
154 1.188892 
155 0.801897 
156 1.160673 
157 0.972391 
158 1.152196 
159 0.898785 
160 0.986999 
161 1.052862 
162 0.947655 
163 0.928914 
164 0.681278 
165 1.196235 
166 0.864464 
167 0.982362 
168 1.151795 
169 0.862857 
170 0.601597 
171 1.155386 
172 1.234649 
173 1.056671 
174 1.214935 
175 1.372960 
176 1.125895 
177 0.807222 
178 1.314622 
179 0.583972 
180 1.325980 
181 0.563258 
182 0.831180 
183 0.948056 
184 0.684063 
185 1.018628 
186 0.858239 
187 0.651435 
188 1.144919 
189 0.962112 
190 1.158500 
191 0.799313 
192 0.841375 
193 0.982337 
194 0.787301 
195 0.935332 
196 0.988926 
197 1.252349 
198 1.073356 
199 0.893616 
200 1.230699 
201 1.244773 
202 0.883122 
203 0.795019 
204 1.232176 
205 1.121146 
206 0.729226 
207 0.801671 
208 0.852010 
209 1.325345 
210 1.146696 
211 0.833779 
212 0.952726 
213 1.461131 
214 1.137923 
215 1.164495 
216 0.886261 
217 1.149095 
218 0.818391 
219 0.680318 
220 0.641234 
221 1.032605 
222 1.172695 
223 0.943719 
224 0.941878 
225 0.808507 
226 1.311262 
227 0.903774 
228 0.651438 
229 1.187531 
230 1.294788 
231 1.066619 
232 1.190307 
233 0.552697 
234 1.136238 
235 1.516755 
236 1.319903 
237 0.981047 
238 0.968955 
239 1.254329 
240 1.098492 
241 0.954201 
242 0.891766 
243 1.153285 
244 0.868369 
245 0.703323 
246 1.110586 
247 1.361655 
248 1.197011 
249 0.887990 
250 0.835568 
251 0.943314 
252 0.899454 
253 0.950202 
254 0.690085 
255 1.341428 
256 1.286017 
257 0.846315 
258 0.809559 
259 1.244597 
260 0.790943 
261 1.018342 
262 0.771366 
263 1.015880 
264 0.883613 
265 0.616956 
266 1.185051 
267 1.031573 
268 0.901337 
269 0.978827 
270 1.232422 
271 0.776648 
272 1.296358 
273 1.046618 
274 0.734057 
275 0.768881 
276 1.117131 
277 0.909263 
278 1.078560 
279 0.763956 
280 0.852195 
281 0.847441 
282 0.686538 
283 0.608911 
284 0.908683 
285 0.755315 
286 0.838087 
287 1.445292 
288 0.952233 
289 1.195013 
290 0.540085 
291 0.833080 
292 1.041972 
293 1.236771 
294 1.426148 
295 1.262476 
296 0.794460 
297 1.110440 
298 1.028992 
299 0.489430 
300 1.083622 
301 0.745175 
302 0.726704 
303 1.270221 
304 0.861459 
305 1.239788 
306 1.194290 
307 0.580454 
308 0.773778 
309 0.886965 
310 0.977236 
311 0.957484 
312 1.027456 
313 1.190250 
314 0.994050 
315 1.044645 
316 1.011463 
317 0.965914 
318 0.897975 
319 1.039908 
320 0.828748 
321 0.809190 
322 1.440442 
323 1.039496 
324 1.069935 
325 1.202283 
326 0.816868 
327 1.057416 
328 1.124556 
329 0.929482 
330 1.031620 
331 0.886034 
332 0.559404 
333 0.738096 
334 0.847995 
335 1.082725 
336 0.985357 
337 1.227076 
338 0.823425 
339 0.658233 
340 1.019130 
341 0.915598 
342 1.098294 
343 1.399679 
344 0.870130 
345 1.025578 
346 1.052713 
347 0.912906 
348 0.961917 
349 0.790369 
350 1.132852 
351 1.353183 
352 1.095476 
353 1.072484 
354 1.071959 
355 0.921046 
356 1.222952 
357 0.835490 
358 0.510667 
359 1.369297 
360 1.139685 
361 1.559163 
362 0.831187 
363 1.167315 
364 1.151049 
365 1.406109 
366 1.072695 
367 0.874886 
368 0.968225 
369 0.849517 
370 0.935287 
371 0.989595 
372 0.983713 
373 0.942512 
374 1.027835 
375 1.320671 
376 1.078116 
377 1.041957 
378 0.879723 
379 0.920249 
380 0.955633 
381 1.107080 
382 1.357383 
383 1.422059 
384 1.158794 
385 1.007855 
386 0.979825 
387 1.103414 
388 1.309832 
389 0.801942 
390 1.060615 
391 1.166486 
392 1.289422 
393 1.105856 
394 0.927220 
395 1.028702 
396 1.039094 
397 1.258856 
398 0.783966 
399 0.911862 
400 0.818393 
401 1.432110 
402 1.074858 
403 1.046419 
404 1.221430 
405 0.635021 
406 0.944470 
407 1.180083 
408 1.019630 
409 1.268559 
410 0.762051 
411 1.182593 
412 0.966866 
413 1.237427 
414 1.089706 
415 1.036223 
416 1.140576 
417 1.529265 
418 1.113646 
419 1.193833 
420 0.853345 
421 1.328599 
422 1.247724 
423 1.311941 
424 0.765656 
425 0.847908 
426 0.977322 
427 1.209604 
428 0.823683 
429 0.506493 
430 0.610985 
431 1.089651 
432 0.634954 
433 1.098189 
434 0.867841 
435 1.332067 
436 1.114162 
437 1.121550 
438 1.156351 
439 1.123974 
440 0.770754 
441 1.075609 
442 0.763134 
443 1.031552 
444 0.670056 
445 1.103025 
446 0.926674 
447 1.165978 
448 1.343118 
449 0.914338 
450 1.046828 
451 1.555118 
452 1.022188 
453 1.044625 
454 0.742368 
455 1.006480 
456 0.778655 
457 1.242574 
458 1.257686 
459 1.340561 
460 0.846020 
461 1.490999 
462 0.818191 
463 0.974292 
464 0.839388 
465 1.101134 
466 0.940773 
467 1.234477 
468 0.991291 
469 0.413295 
470 1.267113 
471 0.647024 
472 0.814459 
473 1.386473 
474 0.826205 
475 0.778059 
476 0.988322 
477 1.140371 
478 1.234052 
479 1.055526 
480 1.319484 
481 1.215648 
482 1.193937 
483 1.007506 
484 0.778421 
485 0.592776 
486 1.286939 
487 0.748656 
488 0.901479 
489 1.000779 
490 0.921426 
491 0.958047 
492 0.901255 
493 0.710241 
494 1.242725 
495 0.983503 
496 1.150234 
497 1.150433 
498 1.046947 
499 0.875688 
500 1.052219 
501 0.547915 
502 1.098895 
503 1.098029 
504 1.233131 
505 0.669359 
506 1.506897 
507 1.624329 
508 1.131360 
509 1.044237 
510 1.076435 
511 0.541920 
512 0.962900 
513 1.282168 
514 1.020682 
515 1.125131 
516 1.251819 
517 1.056744 
518 1.226545 
519 0.736000 
520 0.932402 
521 1.361746 
522 0.991386 
523 0.715374 
524 0.760327 
525 0.740235 
526 1.053779 
527 0.810653 
528 0.807163 
529 1.048511 
530 0.919860 
531 0.910827 
532 0.560462 
533 1.094162 
534 1.040713 
535 1.250619 
536 0.757309 
537 1.229923 
538 0.658622 
539 0.821986 
540 0.899847 
541 1.131434 
542 1.108783 
543 0.878416 
544 1.003022 
545 1.145946 
546 1.170837 
547 0.546675 
548 0.778888 
549 0.985508 
550 0.982591 
551 0.740856 
552 1.012770 
553 0.979020 
554 1.084429 
555 0.675963 
556 0.789290 
557 1.269539 
558 0.978423 
559 1.111567 
560 1.161700 
561 0.926684 
562 1.140528 
563 0.797475 
564 0.788228 
565 1.297192 
566 0.706436 
567 0.903757 
568 0.732537 
569 0.751836 
570 0.740887 
571 0.887838 
572 0.841706 
573 0.834596 
574 0.947261 
575 0.815244 
576 1.181330 
577 0.847454 
578 0.787664 
579 1.027593 
580 0.942398 
581 0.960611 
582 0.794954 
583 0.703465 
584 1.048750 
585 1.005484 
586 0.506648 
587 0.995741 
588 0.909181 
589 1.210866 
590 1.005944 
591 0.956704 
592 1.096378 
593 0.907506 
594 1.016535 
595 1.032548 
596 0.654708 
597 0.743827 
598 1.240296 
599 0.770289 
600 0.884731 
601 1.019781 
602 0.746760 
603 1.319195 
604 1.118361 
605 1.246159 
606 1.245414 
607 0.977296 
608 1.263574 
609 0.836858 
610 0.768841 
611 0.874951 
612 0.760297 
613 0.936610 
614 1.087709 
615 0.739366 
616 1.097955 
617 1.559726 
618 1.367987 
619 1.018194 
620 0.922814 
621 0.984995 
622 0.941408 
623 1.120510 
624 1.020733 
625 0.952773 
626 1.432427 
627 1.471306 
628 0.901231 
629 1.161315 
630 0.845321 
631 0.955442 
632 0.988267 
633 1.004721 
634 0.525998 
635 1.302809 
636 0.873241 
637 1.187337 
638 1.033895 
639 1.220765 
640 0.985065 
641 1.053305 
642 0.893046 
643 0.951725 
644 0.984037 
645 1.137266 
646 1.016261 
647 1.185874 
648 0.948413 
649 1.230042 
650 1.107231 
651 0.962056 
652 1.072665 
653 0.978261 
654 1.160347 
655 1.293604 
656 0.903905 
657 1.369182 
658 1.465254 
659 1.168254 
660 0.984989 
661 0.753061 
662 1.028659 
663 1.148359 
664 1.013977 
665 1.032330 
666 1.137126 
667 1.364556 
668 1.128117 
669 1.279177 
670 1.333149 
671 1.378566 
672 1.087623 
673 1.034252 
674 1.147237 
675 0.960487 
676 1.090740 
677 0.745408 
678 0.786516 
679 0.815863 
680 0.940296 
681 1.014031 
682 0.387146 
683 1.308895 
684 1.122830 
685 0.594859 
686 0.999438 
687 1.059969 
688 0.783009 
689 1.158862 
690 1.128004 
691 1.098307 
692 0.951723 
693 1.078852 
694 0.998530 
695 0.949456 
696 0.940494 
697 1.112428 
698 0.925078 
699 0.863528 
700 0.449569 
701 0.831949 
702 0.821596 
703 0.815263 
704 1.132943 
705 0.678017 
706 1.205163 
707 0.643700 
708 1.237985 
709 1.154941 
710 0.937844 
711 0.874572 
712 0.906547 
713 1.170990 
714 1.242872 
715 1.034158 
716 0.813389 
717 1.031679 
718 0.895691 
719 1.126171 
720 0.954069 
721 0.796411 
722 1.239779 
723 0.778375 
724 1.015474 
725 1.101425 
726 1.001104 
727 1.195906 
728 0.999661 
729 0.486889 
730 0.875515 
731 0.844996 
732 1.218413 
733 0.946870 
734 1.064985 
735 1.090177 
736 1.077332 
737 0.865342 
738 0.809171 
739 0.665892 
740 1.192226 
741 0.523477 
742 1.104168 
743 0.966592 
744 0.870712 
745 0.781901 
746 0.727659 
747 1.276577 
748 1.080625 
749 1.066441 
750 1.207197 
751 1.258653 
752 0.810386 
753 0.654391 
754 0.921244 
755 1.020846 
756 0.850415 
757 1.284293 
758 0.925046 
759 0.965723 
760 1.214720 
761 0.834157 
762 1.303201 
763 1.224732 
764 1.115989 
765 0.632393 
766 1.055141 
767 0.741454 
768 0.723306 
769 0.901338 
770 0.802277 
771 0.898566 
772 1.249159 
773 0.750119 
774 1.115117 
775 1.147139 
776 1.075765 
777 0.943463 
778 0.830381 
779 0.832293 
780 0.803058 
781 1.230406 
782 1.481089 
783 0.788150 
784 1.114995 
785 1.129192 
786 1.076342 
787 1.107267 
788 1.145844 
789 0.692715 
790 0.788538 
791 0.781876 
792 0.910760 
793 0.770437 
794 0.961819 
795 1.172168 
796 1.019077 
797 1.106579 
798 1.003512 
799 0.796099 
