0 0.970084 
1 0.956557 
2 0.873572 
3 0.935095 
4 0.827743 
5 0.821567 
6 0.851934 
7 0.916448 
8 1.050939 
9 1.206587 
10 0.995244 
11 1.004590 
12 0.804709 
13 0.944867 
14 1.093718 
15 0.993264 
16 0.844913 
17 0.834527 
18 1.092188 
19 1.028899 
20 1.145503 
21 1.062802 
22 1.070966 
23 0.923940 
24 0.926621 
25 0.853037 
26 0.918186 
27 1.005703 
28 0.857119 
29 0.876907 
30 1.118351 
31 0.909304 
32 0.867658 
33 0.854519 
34 0.905966 
35 1.109876 
36 1.098696 
37 0.975221 
38 1.178804 
39 0.926408 
40 0.932993 
41 0.904159 
42 1.064981 
43 1.057425 
44 1.087206 
45 1.169449 
46 0.960944 
47 1.056656 
48 1.207415 
49 1.108030 
50 0.974109 
51 1.203308 
52 1.115582 
53 0.948858 
54 1.190450 
55 1.023764 
56 0.987031 
57 0.993917 
58 1.114834 
59 0.768981 
60 0.864021 
61 1.089698 
62 0.980748 
63 1.088983 
64 0.965046 
65 1.046033 
66 0.802187 
67 0.934700 
68 1.173165 
69 0.901288 
70 0.917088 
71 0.971106 
72 0.962758 
73 1.079266 
74 0.876976 
75 0.960874 
76 0.991232 
77 0.975617 
78 1.098229 
79 0.790950 
80 1.267475 
81 0.924865 
82 1.099173 
83 1.150262 
84 1.010436 
85 1.096306 
86 0.827485 
87 0.863976 
88 0.999931 
89 1.093792 
90 0.943127 
91 0.923322 
92 1.179343 
93 0.994195 
94 1.034508 
95 0.860741 
96 0.953585 
97 1.069733 
98 0.719442 
99 0.776459 
100 1.058077 
101 0.941985 
102 0.900782 
103 1.067798 
104 0.854354 
105 1.046150 
106 0.909656 
107 0.972902 
108 0.910579 
109 0.894567 
110 1.036432 
111 1.147453 
112 0.981287 
113 1.160523 
114 1.106713 
115 1.070401 
116 0.945359 
117 0.932989 
118 1.040529 
119 1.045648 
120 1.025238 
121 0.922916 
122 1.150844 
123 1.157172 
124 0.890599 
125 0.887427 
126 1.105131 
127 0.974504 
128 0.964594 
129 1.138126 
130 1.126150 
131 1.045196 
132 1.110933 
133 0.975441 
134 1.031652 
135 1.066224 
136 0.916496 
137 1.088107 
138 0.929605 
139 0.987433 
140 1.074564 
141 0.982912 
142 0.905412 
143 1.024539 
144 1.206607 
145 1.056504 
146 0.809578 
147 0.985357 
148 1.097813 
149 1.107312 
150 1.113942 
151 1.103478 
152 0.848066 
153 1.287678 
154 0.963625 
155 0.983580 
156 1.004866 
157 0.861767 
158 0.875493 
159 1.006755 
160 0.915451 
161 0.847553 
162 0.970258 
163 0.966481 
164 1.072173 
165 0.859830 
166 1.025597 
167 0.866053 
168 1.038595 
169 1.043182 
170 0.900414 
171 1.100807 
172 1.145067 
173 0.812262 
174 1.069237 
175 1.069075 
176 0.884419 
177 1.127959 
178 1.069469 
179 1.149782 
180 0.749678 
181 0.868235 
182 0.953310 
183 1.021519 
184 1.012665 
185 0.951527 
186 1.052789 
187 1.079749 
188 1.129251 
189 1.061173 
190 0.885408 
191 0.811460 
192 1.156629 
193 0.985708 
194 0.961019 
195 1.047782 
196 1.042873 
197 1.143334 
198 1.040965 
199 0.890247 
200 1.101219 
201 0.994241 
202 0.983825 
203 0.843629 
204 0.915966 
205 1.100773 
206 1.026481 
207 0.926122 
208 1.091001 
209 0.951973 
210 1.150641 
211 0.925213 
212 0.929186 
213 0.754505 
214 0.941613 
215 0.750984 
216 1.048795 
217 0.969503 
218 0.973957 
219 1.115333 
220 1.090329 
221 1.006058 
222 0.890737 
223 0.927770 
224 0.911028 
225 1.171526 
226 1.072731 
227 0.795843 
228 1.079966 
229 0.841823 
230 1.093725 
231 1.082948 
232 1.030018 
233 0.908490 
234 1.051809 
235 0.991832 
236 0.925391 
237 0.982053 
238 0.957343 
239 1.098980 
240 0.795596 
241 1.259010 
242 1.196006 
243 0.877880 
244 0.817267 
245 0.891581 
246 0.840669 
247 0.991657 
248 1.115451 
249 0.918234 
250 0.956620 
251 0.892662 
252 1.044895 
253 0.899002 
254 0.849741 
255 1.203019 
256 0.886738 
257 1.026676 
258 1.075156 
259 0.930139 
260 0.981441 
261 1.214096 
262 1.179187 
263 0.777495 
264 1.225815 
265 1.001932 
266 1.212859 
267 0.928932 
268 1.040767 
269 1.101590 
270 0.925902 
271 0.979800 
272 1.069686 
273 1.048923 
274 0.990710 
275 0.831319 
276 0.923003 
277 0.859561 
278 0.910289 
279 0.944713 
280 1.119270 
281 1.006615 
282 0.881414 
283 1.037234 
284 1.112639 
285 0.920136 
286 0.981274 
287 0.925117 
288 1.155005 
289 1.298392 
290 1.158764 
291 1.100982 
292 0.920601 
293 1.097976 
294 0.973060 
295 0.986942 
296 1.150131 
297 0.748915 
298 1.042443 
299 0.939492 
300 1.179173 
301 1.192383 
302 0.790907 
303 0.967232 
304 1.081973 
305 0.896306 
306 0.885625 
307 0.949111 
308 1.063670 
309 1.001609 
310 0.862908 
311 0.957235 
312 1.128890 
313 0.933452 
314 1.254155 
315 0.950148 
316 0.841045 
317 1.015604 
318 0.973902 
319 0.991666 
320 1.058079 
321 1.011205 
322 0.977376 
323 0.934394 
324 1.055845 
325 1.043287 
326 0.959649 
327 0.994128 
328 0.976944 
329 1.152890 
330 0.946983 
331 1.101311 
332 1.037803 
333 1.070777 
334 1.218748 
335 0.969970 
336 0.951769 
337 0.996337 
338 0.845665 
339 1.108903 
340 0.936083 
341 0.954624 
342 0.898149 
343 0.840035 
344 0.949717 
345 1.050311 
346 0.970990 
347 0.964863 
348 1.099337 
349 0.996707 
350 0.899394 
351 0.895151 
352 1.008790 
353 0.943487 
354 1.194645 
355 0.915733 
356 1.201359 
357 0.908658 
358 0.999032 
359 1.040933 
360 1.181811 
361 0.984765 
362 1.140309 
363 1.098751 
364 1.319647 
365 0.852691 
366 1.038909 
367 0.898439 
368 1.133002 
369 1.069584 
370 1.222071 
371 0.903752 
372 1.015128 
373 1.222112 
374 0.925253 
375 0.902438 
376 1.104655 
377 0.856221 
378 1.065544 
379 0.985282 
380 1.088106 
381 1.033671 
382 1.005087 
383 0.876969 
384 1.055089 
385 0.959298 
386 1.159881 
387 0.910234 
388 1.057837 
389 1.103203 
390 0.884318 
391 0.981445 
392 1.012025 
393 0.868264 
394 0.926391 
395 0.949082 
396 0.974121 
397 0.855730 
398 0.994202 
399 1.064261 
400 1.147843 
401 0.920267 
402 0.905056 
403 0.965913 
404 1.145343 
405 1.163166 
406 1.121224 
407 0.866841 
408 0.759739 
409 0.930726 
410 1.056355 
411 0.921766 
412 0.762201 
413 1.041422 
414 0.925556 
415 0.964953 
416 1.210873 
417 1.051283 
418 0.970639 
419 0.886966 
420 0.998694 
421 0.939431 
422 0.945486 
423 0.935980 
424 1.026903 
425 1.021383 
426 1.037087 
427 0.982880 
428 1.146821 
429 0.997187 
430 0.924838 
431 0.961430 
432 0.965594 
433 0.872211 
434 0.970895 
435 0.937155 
436 0.950042 
437 1.045895 
438 1.015422 
439 0.932923 
440 1.045965 
441 0.968239 
442 1.096267 
443 0.811385 
444 1.026055 
445 0.808399 
446 0.991472 
447 0.779720 
448 1.205122 
449 1.179176 
450 0.896759 
451 1.090459 
452 1.166938 
453 0.946138 
454 0.917163 
455 1.192495 
456 1.076653 
457 1.098333 
458 1.043406 
459 0.917241 
460 1.050613 
461 1.039714 
462 0.968889 
463 1.073170 
464 1.062471 
465 0.908624 
466 0.987027 
467 1.064284 
468 1.020862 
469 0.890642 
470 0.960357 
471 0.971125 
472 1.229514 
473 0.971505 
474 1.087405 
475 0.925635 
476 1.015689 
477 1.107458 
478 1.047266 
479 1.141108 
480 0.967684 
481 0.864633 
482 0.928624 
483 0.922063 
484 1.148495 
485 1.123041 
486 0.909936 
487 0.887697 
488 0.881820 
489 1.018009 
490 1.190202 
491 1.035765 
492 1.036191 
493 1.106586 
494 1.143006 
495 0.849132 
496 0.999619 
497 1.127519 
498 1.077326 
499 0.922919 
500 0.830706 
501 0.908823 
502 0.897051 
503 1.076251 
504 1.029244 
505 0.980456 
506 1.241417 
507 0.855586 
508 0.764866 
509 0.994058 
510 0.983260 
511 1.031383 
512 0.997835 
513 0.952653 
514 1.166292 
515 1.030217 
516 0.885939 
517 1.044743 
518 0.853803 
519 1.132514 
520 1.043822 
521 0.899558 
522 1.014849 
523 0.902278 
524 1.169201 
525 0.980175 
526 0.963866 
527 0.967944 
528 0.968815 
529 1.023942 
530 0.828203 
531 1.084220 
532 0.936902 
533 1.029828 
534 0.983491 
535 0.985197 
536 1.014092 
537 1.010663 
538 1.099761 
539 1.181869 
540 1.039810 
541 1.051175 
542 1.036321 
543 0.845811 
544 0.785665 
545 0.961564 
546 0.941164 
547 1.008904 
548 0.944123 
549 1.060176 
550 0.964530 
551 1.151111 
552 1.040623 
553 0.858239 
554 1.148886 
555 0.993960 
556 1.088985 
557 0.969551 
558 1.108229 
559 0.988936 
560 0.912289 
561 0.990415 
562 1.011401 
563 0.969271 
564 1.202479 
565 1.058723 
566 1.041722 
567 1.027237 
568 1.193528 
569 1.011792 
570 1.117365 
571 0.997622 
572 1.044182 
573 0.913241 
574 1.079613 
575 1.050282 
576 0.975226 
577 1.131983 
578 0.999441 
579 0.977429 
580 1.158728 
581 0.718527 
582 0.914380 
583 1.053054 
584 0.907104 
585 1.100465 
586 0.798361 
587 1.009692 
588 1.074007 
589 1.040350 
590 0.956893 
591 0.935961 
592 0.983992 
593 0.862527 
594 0.897662 
595 1.012548 
596 1.148020 
597 0.984013 
598 0.800875 
599 0.864369 
600 1.095238 
601 0.919063 
602 0.888379 
603 1.135839 
604 1.236118 
605 0.999888 
606 1.055938 
607 0.901587 
608 0.963535 
609 1.022152 
610 1.046305 
611 1.011209 
612 0.956387 
613 0.887170 
614 1.029102 
615 1.146209 
616 1.082228 
617 1.005125 
618 0.941077 
619 0.755621 
620 0.867016 
621 0.871222 
622 0.914103 
623 1.032205 
624 0.937919 
625 0.860501 
626 0.789656 
627 0.931343 
628 1.008499 
629 1.060126 
630 0.824047 
631 1.042028 
632 1.004189 
633 0.951963 
634 1.029263 
635 0.977752 
636 1.075009 
637 0.919230 
638 0.992935 
639 0.955453 
640 1.091692 
641 1.071715 
642 1.201807 
643 1.019830 
644 1.124256 
645 1.101442 
646 1.030142 
647 0.827129 
648 0.856724 
649 0.838921 
650 1.076395 
651 1.143257 
652 1.015235 
653 0.912401 
654 1.108322 
655 1.033656 
656 1.038313 
657 1.064235 
658 1.089854 
659 1.079353 
660 1.008884 
661 1.092471 
662 0.950028 
663 0.992764 
664 0.989047 
665 0.972683 
666 1.016478 
667 1.112504 
668 0.952357 
669 0.994128 
670 0.907754 
671 1.071930 
672 1.213517 
673 0.872420 
674 0.956868 
675 0.997712 
676 0.957533 
677 0.894274 
678 1.017123 
679 1.115574 
680 1.016737 
681 1.012247 
682 1.068896 
683 1.091262 
684 0.877868 
685 1.091999 
686 1.136038 
687 1.083008 
688 0.986802 
689 0.943472 
690 0.905903 
691 1.035963 
692 1.052689 
693 0.907012 
694 0.898160 
695 1.020002 
696 0.867157 
697 0.919419 
698 0.939571 
699 0.880584 
700 1.018703 
701 0.902491 
702 1.133045 
703 0.969311 
704 1.015189 
705 1.132522 
706 1.042293 
707 0.872741 
708 1.293201 
709 1.135307 
710 0.935909 
711 0.938682 
712 1.144556 
713 0.994675 
714 0.931569 
715 0.855072 
716 0.925911 
717 0.884784 
718 1.127692 
719 1.120452 
720 0.934714 
721 1.219692 
722 1.070237 
723 1.070918 
724 1.056759 
725 0.927832 
726 1.068239 
727 0.995973 
728 1.060282 
729 0.905992 
730 1.151419 
731 1.081452 
732 0.907370 
733 0.946221 
734 0.808066 
735 1.065244 
736 0.975774 
737 1.129208 
738 1.149514 
739 1.186203 
740 1.093173 
741 1.106959 
742 0.932569 
743 1.010566 
744 1.315916 
745 0.990510 
746 1.018459 
747 1.052598 
748 1.049003 
749 0.993167 
750 0.903762 
751 0.990768 
752 0.798215 
753 0.936438 
754 0.973093 
755 1.071804 
756 0.977790 
757 0.985690 
758 0.796472 
759 0.867157 
760 1.011990 
761 0.926242 
762 0.973216 
763 0.993284 
764 1.089069 
765 1.025411 
766 0.983870 
767 0.924035 
768 1.019139 
769 1.071869 
770 0.948889 
771 0.956613 
772 0.793230 
773 1.028645 
774 1.043344 
775 0.727420 
776 1.145219 
777 0.922023 
778 1.030404 
779 1.048893 
780 1.171606 
781 1.010536 
782 1.012546 
783 0.708788 
784 1.178104 
785 1.159838 
786 0.990004 
787 1.066653 
788 1.012637 
789 1.126494 
790 0.930984 
791 1.011522 
792 1.074335 
793 0.870610 
794 1.045398 
795 0.913329 
796 1.040187 
797 0.833435 
798 0.991024 
799 0.892868 
800 0.970074 
801 1.133756 
802 0.899024 
803 0.750461 
804 1.216544 
805 1.073161 
806 1.118067 
807 1.036586 
808 1.028132 
809 0.826519 
810 0.912575 
811 0.956031 
812 0.953335 
813 1.009489 
814 0.812455 
815 1.062413 
816 1.047108 
817 0.956326 
818 1.220597 
819 1.069125 
820 1.046938 
821 1.102687 
822 0.860816 
823 1.124748 
824 1.021249 
825 0.975510 
826 1.029250 
827 1.094858 
828 1.006965 
829 0.949761 
830 1.084206 
831 1.152357 
832 0.784151 
833 1.034846 
834 0.859900 
835 0.929978 
836 1.109459 
837 0.978418 
838 1.053123 
839 1.032300 
840 0.923082 
841 1.125927 
842 0.955069 
843 1.182828 
844 0.826909 
845 0.948932 
846 0.902599 
847 0.932592 
848 1.026381 
849 0.894670 
850 0.874622 
851 0.888616 
852 0.912204 
853 0.982059 
854 1.008213 
855 1.159950 
856 1.035186 
857 1.135661 
858 1.122530 
859 0.995871 
860 1.047803 
861 1.060107 
862 1.090151 
863 0.992748 
864 1.004118 
865 0.879485 
866 1.036815 
867 0.963372 
868 0.937717 
869 1.103400 
870 0.969974 
871 0.914447 
872 1.011636 
873 1.037361 
874 1.135926 
875 0.958041 
876 1.150901 
877 0.928738 
878 1.046691 
879 1.077160 
880 0.872984 
881 0.999803 
882 1.207033 
883 0.941565 
884 0.975887 
885 0.992657 
886 1.062463 
887 1.023007 
888 1.060405 
889 1.122881 
890 1.030206 
891 1.051256 
892 0.831364 
893 1.017028 
894 0.953566 
895 0.886021 
896 1.067474 
897 0.852199 
898 0.941738 
899 0.852443 
900 0.903602 
901 0.985858 
902 0.948953 
903 0.970202 
904 1.069403 
905 0.975331 
906 1.045940 
907 0.868496 
908 1.058707 
909 0.998994 
910 1.000945 
911 1.100673 
912 0.952280 
913 0.904890 
914 1.080084 
915 0.996028 
916 0.989757 
917 0.954802 
918 0.965177 
919 0.999026 
920 1.105900 
921 1.157477 
922 0.984559 
923 0.930874 
924 1.119822 
925 0.987710 
926 1.259583 
927 1.156369 
928 0.938809 
929 0.928649 
930 1.123279 
931 0.973072 
932 0.944472 
933 0.910087 
934 0.906831 
935 1.076557 
936 1.022318 
937 0.948801 
938 0.831330 
939 0.849277 
940 1.228157 
941 0.906583 
942 1.089834 
943 1.159238 
944 1.056096 
945 0.953771 
946 1.168292 
947 1.082564 
948 1.009192 
949 1.018899 
950 0.932052 
951 1.073970 
952 0.937335 
953 0.942584 
954 0.830194 
955 1.072617 
956 0.854098 
957 1.068738 
958 1.052133 
959 1.032024 
960 1.057131 
961 0.762867 
962 1.126770 
963 0.920941 
964 0.948869 
965 1.060147 
966 0.977975 
967 1.031681 
968 0.883806 
969 0.979845 
970 0.868607 
971 1.029960 
972 1.066161 
973 1.192518 
974 0.963247 
975 1.039279 
976 1.021200 
977 0.968956 
978 0.972903 
979 1.049138 
980 0.917755 
981 0.893554 
982 1.021899 
983 0.809029 
984 0.974070 
985 0.992600 
986 1.038646 
987 1.017214 
988 1.081279 
989 0.960633 
990 1.061320 
991 1.122306 
992 1.042255 
993 0.986464 
994 1.023533 
995 1.129332 
996 0.911097 
997 0.903943 
998 1.021876 
999 0.931440 
1000 1.051991 
1001 1.079410 
1002 1.003763 
1003 1.044438 
1004 0.870674 
1005 0.821493 
1006 1.192101 
1007 1.007926 
1008 1.042928 
1009 0.925343 
1010 1.035662 
1011 0.772533 
1012 0.843878 
1013 1.041666 
1014 0.965921 
1015 1.016332 
1016 0.932838 
1017 1.008887 
1018 0.880202 
1019 1.245871 
1020 0.854567 
1021 1.064588 
1022 0.997868 
1023 1.064919 
1024 1.086583 
1025 0.827197 
1026 1.026180 
1027 0.993150 
1028 0.910247 
1029 0.816217 
1030 0.989803 
1031 1.180833 
1032 1.013467 
1033 1.020377 
1034 1.040221 
1035 0.810883 
1036 1.171265 
1037 1.186092 
1038 0.982183 
1039 1.084386 
1040 1.117568 
1041 0.971982 
1042 0.915169 
1043 0.923045 
1044 1.205622 
1045 0.967842 
1046 1.148270 
1047 1.207047 
1048 0.974752 
1049 0.959146 
1050 0.910719 
1051 0.983374 
1052 0.953734 
1053 1.018790 
1054 1.099776 
1055 1.023554 
1056 0.977759 
1057 0.999755 
1058 0.988211 
1059 0.952569 
1060 1.084990 
1061 1.181554 
1062 0.927696 
1063 0.854755 
1064 0.992013 
1065 0.997054 
1066 1.068768 
1067 0.926381 
1068 0.945169 
1069 0.919285 
1070 0.887233 
1071 1.007406 
1072 0.859452 
1073 0.920583 
1074 1.150390 
1075 0.917955 
1076 1.021493 
1077 1.037651 
1078 0.924281 
1079 0.990535 
1080 0.880910 
1081 0.994983 
1082 1.242086 
1083 0.986011 
1084 1.091948 
1085 0.868322 
1086 0.979218 
1087 0.931462 
1088 1.071056 
1089 1.022889 
1090 1.031755 
1091 1.175046 
1092 1.024898 
1093 1.297580 
1094 1.040161 
1095 1.221089 
1096 1.078165 
1097 1.043275 
1098 0.897663 
1099 0.883899 
1100 0.931359 
1101 0.939317 
1102 1.171578 
1103 1.000245 
1104 0.965760 
1105 1.252709 
1106 1.002180 
1107 0.906149 
1108 0.842723 
1109 0.938135 
1110 1.264014 
1111 0.825221 
1112 0.978365 
1113 1.034857 
1114 0.868546 
1115 0.827357 
1116 0.977421 
1117 0.930380 
1118 1.095581 
1119 0.968817 
1120 0.971107 
1121 1.034078 
1122 0.874990 
1123 1.175967 
1124 0.827974 
1125 0.912802 
1126 0.914549 
1127 0.916797 
1128 0.915500 
1129 0.936032 
1130 0.883645 
1131 0.914227 
1132 1.060913 
1133 0.939976 
1134 0.958633 
1135 1.066061 
1136 1.069016 
1137 0.884418 
1138 0.820727 
1139 0.876381 
1140 1.041901 
1141 1.060424 
1142 1.104041 
1143 1.019316 
1144 1.141817 
1145 1.103590 
1146 0.862590 
1147 0.938629 
1148 1.049757 
1149 0.948330 
1150 1.044294 
1151 1.091880 
1152 1.116667 
1153 0.729842 
1154 0.865189 
1155 1.020418 
1156 0.897879 
1157 0.824212 
1158 0.961647 
1159 0.939824 
1160 1.030612 
1161 1.105235 
1162 0.966443 
1163 1.132563 
1164 0.978238 
1165 1.009327 
1166 1.004538 
1167 1.048519 
1168 0.847262 
1169 1.173725 
1170 0.924600 
1171 1.058029 
1172 0.809577 
1173 0.839942 
1174 0.814259 
1175 1.111361 
1176 0.948235 
1177 1.142073 
1178 0.991138 
1179 0.894698 
1180 0.995778 
1181 1.023433 
1182 1.100974 
1183 0.889605 
1184 0.952219 
1185 1.096545 
1186 0.918705 
1187 1.052546 
1188 0.829528 
1189 1.021487 
1190 0.989021 
1191 0.992400 
1192 0.973426 
1193 1.086612 
1194 1.229421 
1195 1.014812 
1196 0.821297 
1197 0.911639 
1198 0.759793 
1199 1.240708 
1200 1.131813 
1201 1.154335 
1202 0.962710 
1203 0.953525 
1204 1.018817 
1205 1.018105 
1206 0.894718 
1207 1.139983 
1208 1.163197 
1209 1.125445 
1210 0.928181 
1211 1.000115 
1212 1.071074 
1213 0.886728 
1214 1.014122 
1215 1.099599 
1216 0.911303 
1217 0.982473 
1218 0.938541 
1219 1.118533 
1220 0.984024 
1221 0.890767 
1222 1.143683 
1223 0.951091 
1224 0.963440 
1225 1.088034 
1226 0.943295 
1227 1.029166 
1228 1.096443 
1229 0.935735 
1230 1.068742 
1231 0.941745 
1232 0.976382 
1233 0.960777 
1234 0.874529 
1235 1.043817 
1236 1.011369 
1237 1.019439 
1238 1.037309 
1239 1.005943 
1240 1.067830 
1241 1.009734 
1242 1.131500 
1243 0.830087 
1244 1.056692 
1245 0.891369 
1246 1.099963 
1247 0.945042 
1248 1.022634 
1249 0.998719 
1250 0.919125 
1251 1.164320 
1252 1.094792 
1253 0.951043 
1254 0.867516 
1255 1.009720 
1256 0.977031 
1257 1.101677 
1258 1.124089 
1259 1.121564 
1260 0.830943 
1261 1.093719 
1262 0.965383 
1263 1.036430 
1264 1.041638 
1265 1.027351 
1266 1.034964 
1267 0.959097 
1268 1.366622 
1269 1.172867 
1270 0.990189 
1271 0.908621 
1272 1.052284 
1273 0.910091 
1274 1.161369 
1275 0.895659 
1276 0.956248 
1277 1.049431 
1278 0.930555 
1279 0.969238 
1280 0.980706 
1281 0.899069 
1282 1.289469 
1283 0.939042 
1284 1.055336 
1285 1.015567 
1286 0.902154 
1287 1.039628 
1288 0.921426 
1289 0.997643 
1290 0.918691 
1291 1.137354 
1292 0.941314 
1293 1.004283 
1294 1.032770 
1295 1.033714 
1296 1.112810 
1297 0.920835 
1298 0.993787 
1299 0.991176 
1300 1.071006 
1301 0.792196 
1302 0.889566 
1303 1.048426 
1304 0.966316 
1305 1.123965 
1306 1.086857 
1307 1.055376 
1308 0.998173 
1309 1.143929 
1310 0.798954 
1311 1.161474 
1312 0.955415 
1313 0.953585 
1314 1.301605 
1315 0.804312 
1316 0.908460 
1317 0.922910 
1318 1.080446 
1319 0.919670 
1320 1.054560 
1321 1.011459 
1322 0.919396 
1323 1.274557 
1324 0.880329 
1325 1.010331 
1326 0.744938 
1327 0.948600 
1328 1.204311 
1329 0.933366 
1330 0.988754 
1331 0.993511 
1332 1.079721 
1333 0.788396 
1334 0.885516 
1335 0.898680 
1336 1.263747 
1337 0.946640 
1338 1.099295 
1339 1.039095 
1340 1.058893 
1341 0.847457 
1342 0.989528 
1343 1.011579 
1344 0.933584 
1345 0.922453 
1346 1.103483 
1347 0.975218 
1348 0.994149 
1349 1.111879 
1350 0.995494 
1351 0.881678 
1352 1.119273 
1353 0.919257 
1354 1.125852 
1355 0.972526 
1356 0.928396 
1357 1.022882 
1358 1.248095 
1359 1.086093 
1360 0.850905 
1361 1.004716 
1362 0.967132 
1363 0.991793 
1364 1.069045 
1365 1.049103 
1366 1.120840 
1367 0.977704 
1368 0.921630 
1369 0.993340 
1370 1.076177 
1371 1.045365 
1372 0.902152 
1373 1.049821 
1374 0.969421 
1375 1.068530 
1376 0.988098 
1377 0.842529 
1378 0.985852 
1379 1.042141 
1380 0.960721 
1381 1.144319 
1382 0.891513 
1383 1.367841 
1384 0.981969 
1385 0.825272 
1386 1.087086 
1387 0.973080 
1388 0.927426 
1389 0.919752 
1390 0.782587 
1391 0.998053 
1392 1.029362 
1393 1.191101 
1394 0.897870 
1395 0.974389 
1396 1.025540 
1397 1.142722 
1398 0.988469 
1399 0.985966 
1400 0.863571 
1401 0.993793 
1402 0.927831 
1403 1.079082 
1404 0.908978 
1405 0.967306 
1406 1.005968 
1407 0.964472 
1408 0.904041 
1409 1.142859 
1410 1.180410 
1411 0.844196 
1412 1.207663 
1413 1.090089 
1414 1.053475 
1415 1.078499 
1416 1.234441 
1417 0.909294 
1418 0.888716 
1419 0.966388 
1420 0.945901 
1421 0.746376 
1422 0.886183 
1423 0.882452 
1424 1.139810 
1425 1.060083 
1426 1.071691 
1427 0.933264 
1428 1.138462 
1429 1.077827 
1430 0.950902 
1431 1.068099 
1432 0.831652 
1433 0.908451 
1434 0.946532 
1435 0.996781 
1436 1.005484 
1437 1.099066 
1438 0.930470 
1439 0.978144 
1440 0.859316 
1441 0.987599 
1442 1.019474 
1443 0.924269 
1444 0.912757 
1445 1.104452 
1446 0.954100 
1447 1.098898 
1448 1.150229 
1449 0.851786 
1450 1.157786 
1451 1.154053 
1452 0.912433 
1453 0.876820 
1454 1.063749 
1455 1.120798 
1456 0.968147 
1457 0.987194 
1458 0.904604 
1459 0.918425 
1460 0.954419 
1461 1.071091 
1462 1.140682 
1463 1.127319 
1464 1.123205 
1465 1.177191 
1466 1.201007 
1467 1.150086 
1468 1.013449 
1469 0.892377 
1470 1.152994 
1471 1.132122 
1472 1.281436 
1473 0.953718 
1474 1.096847 
1475 1.258383 
1476 1.116069 
1477 0.658308 
1478 1.116645 
1479 0.991025 
1480 0.848844 
1481 0.866559 
1482 1.113393 
1483 0.775232 
1484 1.015932 
1485 1.158645 
1486 0.967584 
1487 0.965304 
1488 0.973641 
1489 0.768177 
1490 1.006848 
1491 0.894869 
1492 1.004701 
1493 0.996381 
1494 0.948488 
1495 1.169897 
1496 1.269794 
1497 0.932456 
1498 1.209439 
1499 1.049153 
1500 0.962123 
1501 1.176487 
1502 1.048762 
1503 1.041320 
1504 0.999798 
1505 1.049274 
1506 0.926313 
1507 1.038631 
1508 1.062815 
1509 1.051193 
1510 0.971093 
1511 1.152904 
1512 0.793073 
1513 1.033899 
1514 0.923549 
1515 1.004785 
1516 0.907589 
1517 1.011814 
1518 1.030062 
1519 0.892845 
1520 0.971664 
1521 1.019948 
1522 1.039108 
1523 0.887905 
1524 0.979369 
1525 0.973022 
1526 0.965052 
1527 1.137154 
1528 1.041157 
1529 1.008681 
1530 0.971345 
1531 0.996190 
1532 1.135269 
1533 0.906495 
1534 1.112092 
1535 0.902037 
1536 0.989838 
1537 0.966550 
1538 0.846153 
1539 0.962249 
1540 1.017096 
1541 0.956603 
1542 1.083402 
1543 0.876984 
1544 1.018446 
1545 1.062598 
1546 1.083948 
1547 1.056858 
1548 1.056450 
1549 1.107757 
1550 0.975148 
1551 1.004051 
1552 1.092556 
1553 1.058372 
1554 1.194275 
1555 1.024886 
1556 1.142568 
1557 0.879296 
1558 1.194743 
1559 0.965781 
1560 0.951977 
1561 0.915452 
1562 0.861849 
1563 1.077379 
1564 1.022176 
1565 1.061680 
1566 0.930896 
1567 0.995128 
1568 0.995766 
1569 0.940930 
1570 0.890030 
1571 1.056974 
1572 0.944332 
1573 1.132236 
1574 1.016301 
1575 1.007619 
1576 0.959558 
1577 1.000905 
1578 1.261724 
1579 0.918561 
1580 1.305452 
1581 1.171638 
1582 1.125017 
1583 1.068362 
1584 0.924077 
1585 0.961679 
1586 1.002303 
1587 1.125613 
1588 1.039171 
1589 0.916042 
1590 1.029427 
1591 0.917479 
1592 1.148833 
1593 0.977229 
1594 1.142935 
1595 0.929834 
1596 0.939710 
1597 0.961056 
1598 1.014675 
1599 1.127010 
1600 1.009613 
1601 1.139410 
1602 1.011269 
1603 1.029731 
1604 1.034844 
1605 0.976185 
1606 1.168458 
1607 1.088887 
1608 1.025650 
1609 0.949950 
1610 1.100461 
1611 0.897982 
1612 1.120502 
1613 0.885859 
1614 1.060161 
1615 1.041498 
1616 1.127358 
1617 0.936351 
1618 1.058887 
1619 1.112591 
1620 0.959422 
1621 1.009701 
1622 1.046076 
1623 1.122824 
1624 0.985393 
1625 0.928605 
1626 0.907778 
1627 0.908693 
1628 0.980825 
1629 0.964523 
1630 1.057260 
1631 1.068400 
1632 1.072589 
1633 0.906239 
1634 1.251383 
1635 1.118032 
1636 1.030027 
1637 1.025934 
1638 0.912155 
1639 1.167741 
1640 0.999452 
1641 0.962035 
1642 1.087642 
1643 1.019854 
1644 0.957570 
1645 1.022640 
1646 1.095678 
1647 0.953318 
1648 0.879126 
1649 0.960848 
1650 1.113017 
1651 0.893670 
1652 0.892892 
1653 1.229423 
1654 0.784731 
1655 0.990954 
1656 0.942959 
1657 1.211644 
1658 1.010064 
1659 1.074027 
1660 0.757864 
1661 0.848919 
1662 1.074152 
1663 1.027079 
1664 1.058442 
1665 1.049672 
1666 1.049312 
1667 0.984811 
1668 0.901515 
1669 1.033578 
1670 0.872497 
1671 1.026651 
1672 1.004694 
1673 1.054085 
1674 0.954094 
1675 1.081933 
1676 1.088602 
1677 1.158623 
1678 0.961776 
1679 1.005814 
1680 1.070922 
1681 1.103572 
1682 0.929970 
1683 1.003783 
1684 0.968996 
1685 1.006909 
1686 1.168283 
1687 1.068282 
1688 0.949076 
1689 1.017390 
1690 1.002389 
1691 0.896401 
1692 1.023469 
1693 1.086488 
1694 0.980970 
1695 0.906071 
1696 0.970421 
1697 0.994480 
1698 0.979579 
1699 0.951898 
1700 1.044095 
1701 1.011511 
1702 1.117381 
1703 1.106876 
1704 1.042459 
1705 1.136470 
1706 1.086119 
1707 1.178188 
1708 1.308865 
1709 0.916228 
1710 1.032625 
1711 0.976663 
1712 1.090676 
1713 1.130265 
1714 0.807837 
1715 1.031582 
1716 1.104245 
1717 0.880272 
1718 1.028837 
1719 1.082532 
1720 1.119528 
1721 1.135917 
1722 0.880548 
1723 1.012635 
1724 0.894405 
1725 0.987335 
1726 1.126856 
1727 1.018910 
1728 0.930370 
1729 0.932952 
1730 1.085723 
1731 0.939934 
1732 1.035026 
1733 1.042299 
1734 1.023414 
1735 1.109978 
1736 1.026094 
1737 1.056467 
1738 1.162119 
1739 1.073022 
1740 1.070311 
1741 1.008814 
1742 1.182895 
1743 1.003517 
1744 1.101515 
1745 1.003978 
1746 0.979456 
1747 0.982585 
1748 1.023076 
1749 1.070716 
1750 0.924949 
1751 0.979821 
1752 0.867791 
1753 1.034347 
1754 0.955239 
1755 1.148037 
1756 0.938092 
1757 1.036807 
1758 0.869265 
1759 0.913936 
1760 1.004355 
1761 1.122765 
1762 0.874105 
1763 0.891328 
1764 0.858316 
1765 0.947506 
1766 0.899071 
1767 0.930107 
1768 1.090502 
1769 1.089548 
1770 1.024023 
1771 1.189875 
1772 0.983059 
1773 0.925975 
1774 0.920081 
1775 1.115740 
1776 0.997649 
1777 0.802636 
1778 0.962969 
1779 0.934983 
1780 0.907822 
1781 0.911272 
1782 1.068827 
1783 0.962292 
1784 1.010621 
1785 0.845731 
1786 1.029918 
1787 0.958163 
1788 1.018366 
1789 1.021544 
1790 0.980527 
1791 1.151127 
1792 1.006543 
1793 0.975016 
1794 1.033502 
1795 0.974594 
1796 0.889276 
1797 0.828912 
1798 0.919990 
1799 1.033564 
1800 0.959009 
1801 0.820058 
1802 0.841963 
1803 1.207810 
1804 0.801509 
1805 1.009822 
1806 1.208213 
1807 0.896781 
1808 0.826065 
1809 0.829830 
1810 1.116440 
1811 0.954391 
1812 1.015218 
1813 0.958494 
1814 0.984207 
1815 1.086305 
1816 1.011006 
1817 1.028645 
1818 1.020385 
1819 1.097954 
1820 1.065689 
1821 0.980573 
1822 1.029943 
1823 0.955298 
1824 0.969988 
1825 0.846248 
1826 0.971037 
1827 1.190676 
1828 0.935829 
1829 0.860966 
1830 1.051502 
1831 0.969250 
1832 0.964261 
1833 1.148656 
1834 0.891995 
1835 1.069329 
1836 0.964498 
1837 0.983193 
1838 0.898706 
1839 0.909178 
1840 1.028759 
1841 1.050216 
1842 1.183585 
1843 0.741150 
1844 0.918355 
1845 0.982378 
1846 0.989740 
1847 1.089987 
1848 0.883532 
1849 0.971499 
1850 0.926988 
1851 1.082132 
1852 1.034626 
1853 0.928215 
1854 0.937744 
1855 0.877202 
1856 0.915317 
1857 1.128904 
1858 0.725124 
1859 1.132270 
1860 0.854033 
1861 1.101706 
1862 0.936627 
1863 0.929020 
1864 0.886204 
1865 1.069424 
1866 1.278573 
1867 1.016424 
1868 0.994149 
1869 0.891916 
1870 0.768603 
1871 1.033809 
1872 1.134080 
1873 1.082988 
1874 1.164596 
1875 0.793326 
1876 0.980765 
1877 1.021504 
1878 0.996183 
1879 0.925345 
1880 0.933726 
1881 1.112895 
1882 1.004426 
1883 0.887041 
1884 0.960004 
1885 0.929032 
1886 1.016991 
1887 0.995058 
1888 0.824903 
1889 0.987892 
1890 1.042249 
1891 1.210701 
1892 0.859926 
1893 0.980970 
1894 1.109872 
1895 1.095025 
1896 0.922738 
1897 0.840841 
1898 1.014872 
1899 0.850687 
1900 0.933168 
1901 0.842893 
1902 1.076979 
1903 0.925502 
1904 1.119956 
1905 1.116275 
1906 0.935390 
1907 1.049192 
1908 1.060133 
1909 0.899157 
1910 1.175325 
1911 0.815606 
1912 0.911562 
1913 1.037788 
1914 0.821542 
1915 0.902349 
1916 0.882025 
1917 1.105544 
1918 0.882332 
1919 1.022077 
1920 1.138835 
1921 0.899217 
1922 0.983903 
1923 0.933596 
1924 0.867280 
1925 0.839303 
1926 0.969349 
1927 0.876206 
1928 0.885513 
1929 0.865990 
1930 0.900649 
1931 1.063572 
1932 0.964214 
1933 0.911297 
1934 1.060015 
1935 1.101711 
1936 1.123885 
1937 0.771529 
1938 0.822318 
1939 1.252413 
1940 1.084421 
1941 0.934401 
1942 0.968291 
1943 1.101510 
1944 1.111314 
1945 1.094145 
1946 0.988050 
1947 0.936372 
1948 0.916263 
1949 1.093575 
1950 1.079380 
1951 1.091133 
1952 1.065223 
1953 0.804397 
1954 1.001743 
1955 0.855158 
1956 1.086327 
1957 1.053151 
1958 1.025380 
1959 0.922827 
1960 0.938408 
1961 0.952204 
1962 1.089746 
1963 1.016994 
1964 1.096841 
1965 1.016854 
1966 0.804649 
1967 1.084145 
1968 0.960102 
1969 1.113040 
1970 0.997993 
1971 1.086167 
1972 1.004960 
1973 1.031592 
1974 1.166874 
1975 1.246392 
1976 0.915138 
1977 0.982768 
1978 1.001780 
1979 1.069721 
1980 0.847950 
1981 0.980838 
1982 0.747282 
1983 0.889575 
1984 0.802993 
1985 1.121939 
1986 0.944647 
1987 1.027348 
1988 1.171446 
1989 1.092167 
1990 1.060809 
1991 0.930548 
1992 0.890856 
1993 0.941773 
1994 1.092651 
1995 1.031928 
1996 0.903985 
1997 0.984781 
1998 0.885432 
1999 0.958174 
2000 1.001916 
2001 1.185600 
2002 0.932937 
2003 0.832309 
2004 0.972532 
2005 1.114685 
2006 1.007567 
2007 1.044326 
2008 0.928384 
2009 1.179319 
2010 1.003496 
2011 1.097026 
2012 0.994284 
2013 0.752914 
2014 0.923476 
2015 1.026556 
2016 0.831960 
2017 1.014821 
2018 0.912450 
2019 0.993178 
2020 0.962449 
2021 0.915278 
2022 1.055120 
2023 0.936523 
2024 0.997530 
2025 0.986556 
2026 0.826790 
2027 0.833988 
2028 0.949044 
2029 1.127140 
2030 1.160920 
2031 0.862680 
2032 0.975210 
2033 1.042358 
2034 1.112830 
2035 1.006293 
2036 0.966512 
2037 0.986850 
2038 0.962129 
2039 0.837988 
2040 1.042444 
2041 0.960051 
2042 0.745230 
2043 0.893541 
2044 1.040439 
2045 1.144604 
2046 0.889553 
2047 1.281524 
2048 0.973822 
2049 1.051269 
2050 1.056381 
2051 1.042042 
2052 0.860684 
2053 0.971395 
2054 1.079838 
2055 0.986306 
2056 0.946603 
2057 1.056472 
2058 1.104705 
2059 1.183784 
2060 0.987092 
2061 0.900853 
2062 1.002074 
2063 0.982135 
2064 1.048193 
2065 0.811896 
2066 1.181465 
2067 0.977448 
2068 0.994802 
2069 0.782243 
2070 1.003548 
2071 0.984559 
2072 1.133586 
2073 1.060429 
2074 1.134252 
2075 0.937978 
2076 1.089774 
2077 0.999452 
2078 1.014840 
2079 1.065932 
2080 0.904770 
2081 0.993158 
2082 0.950790 
2083 1.152885 
2084 0.941874 
2085 1.064932 
2086 1.121249 
2087 0.828002 
2088 0.889624 
2089 0.913849 
2090 1.059983 
2091 0.740500 
2092 1.074986 
2093 1.063483 
2094 0.942295 
2095 1.019990 
2096 0.976723 
2097 0.971312 
2098 1.075257 
2099 0.940044 
2100 0.922432 
2101 1.168278 
2102 1.075823 
2103 0.929237 
2104 0.876573 
2105 0.751310 
2106 1.040266 
2107 1.053423 
2108 1.035913 
2109 1.100819 
2110 0.970282 
2111 0.936027 
2112 0.817995 
2113 0.924203 
2114 0.974336 
2115 1.082381 
2116 0.950308 
2117 1.020525 
2118 1.017338 
2119 1.090481 
2120 1.009306 
2121 0.955084 
2122 1.108549 
2123 1.022119 
2124 0.872289 
2125 0.873850 
2126 0.979823 
2127 1.050873 
2128 1.108538 
2129 0.881116 
2130 0.945573 
2131 1.021794 
2132 1.127363 
2133 0.939146 
2134 1.087690 
2135 0.850168 
2136 1.184864 
2137 0.875540 
2138 0.950473 
2139 1.068002 
2140 1.113049 
2141 0.883493 
2142 1.008537 
2143 0.873579 
2144 0.986961 
2145 0.893081 
2146 0.878957 
2147 1.066972 
2148 0.955570 
2149 1.015421 
2150 0.878846 
2151 1.018643 
2152 1.017184 
2153 1.250118 
2154 0.972263 
2155 1.093310 
2156 1.295419 
2157 1.041549 
2158 1.020606 
2159 1.118048 
2160 1.065257 
2161 1.144031 
2162 1.076191 
2163 0.764627 
2164 0.970240 
2165 1.120928 
2166 0.943537 
2167 0.911535 
2168 0.919196 
2169 0.927412 
2170 1.124581 
2171 0.926237 
2172 1.072418 
2173 0.878582 
2174 0.957433 
2175 1.050011 
2176 1.126874 
2177 0.924292 
2178 1.198322 
2179 1.050440 
2180 1.134728 
2181 0.996978 
2182 1.009553 
2183 1.149811 
2184 1.013641 
2185 1.068839 
2186 1.050914 
2187 0.924350 
2188 1.151711 
2189 1.014941 
2190 1.030525 
2191 0.828105 
2192 1.016234 
2193 0.986541 
2194 1.058190 
2195 0.915161 
2196 1.071305 
2197 1.125207 
2198 0.905566 
2199 0.913549 
2200 1.066188 
2201 0.905814 
2202 0.923860 
2203 0.937607 
2204 1.029645 
2205 1.208456 
2206 1.021864 
2207 1.102871 
2208 1.108016 
2209 0.946101 
2210 0.925212 
2211 1.171430 
2212 0.931220 
2213 1.039166 
2214 1.060067 
2215 1.107579 
2216 0.999350 
2217 0.976527 
2218 1.146415 
2219 1.113941 
2220 1.131784 
2221 0.802404 
2222 1.162230 
2223 0.832139 
2224 0.926765 
2225 1.218696 
2226 0.961533 
2227 0.892734 
2228 0.918625 
2229 1.016913 
2230 1.029703 
2231 1.032678 
2232 1.049608 
2233 0.883491 
2234 1.007097 
2235 1.029461 
2236 0.989249 
2237 0.960736 
2238 1.041524 
2239 1.300369 
2240 1.015516 
2241 1.088754 
2242 1.098043 
2243 1.065552 
2244 0.963131 
2245 1.063656 
2246 0.967122 
2247 1.085733 
2248 0.813320 
2249 1.185375 
2250 0.858546 
2251 0.809939 
2252 0.750736 
2253 0.845727 
2254 0.887588 
2255 1.019972 
2256 1.132761 
2257 1.116673 
2258 1.032090 
2259 0.881546 
2260 1.160510 
2261 0.849368 
2262 0.998209 
2263 0.968154 
2264 0.886096 
2265 1.029310 
2266 1.016511 
2267 1.023412 
2268 1.022656 
2269 0.931989 
2270 0.969198 
2271 0.931102 
2272 0.920337 
2273 0.955131 
2274 1.118220 
2275 1.046199 
2276 0.989880 
2277 1.027912 
2278 1.011250 
2279 0.963831 
2280 1.070637 
2281 0.853629 
2282 1.169146 
2283 1.015543 
2284 1.068183 
2285 0.978523 
2286 0.835766 
2287 0.816689 
2288 0.866422 
2289 0.816561 
2290 0.982334 
2291 1.058639 
2292 0.971228 
2293 0.990106 
2294 0.727521 
2295 0.943397 
2296 1.024887 
2297 1.099527 
2298 0.992459 
2299 1.070034 
2300 0.880292 
2301 1.122740 
2302 0.857574 
2303 0.942313 
2304 1.204139 
2305 0.857678 
2306 1.087866 
2307 1.254372 
2308 0.841938 
2309 0.987935 
2310 0.873880 
2311 0.944192 
2312 1.032296 
2313 0.875891 
2314 1.099333 
2315 1.158766 
2316 1.090074 
2317 1.037930 
2318 0.976354 
2319 1.147935 
2320 0.799534 
2321 0.971786 
2322 1.083522 
2323 0.905624 
2324 1.043477 
2325 1.109419 
2326 1.037997 
2327 1.117732 
2328 0.917140 
2329 0.916815 
2330 0.952087 
2331 0.980810 
2332 0.881089 
2333 0.809091 
2334 0.897387 
2335 1.072259 
2336 0.912933 
2337 0.995853 
2338 1.085909 
2339 1.074048 
2340 1.048099 
2341 0.894215 
2342 0.968623 
2343 1.225144 
2344 0.810382 
2345 0.949162 
2346 1.001293 
2347 1.127388 
2348 1.068855 
2349 1.051791 
2350 1.050937 
2351 0.992995 
2352 1.089101 
2353 0.824398 
2354 1.088323 
2355 0.926202 
2356 0.949431 
2357 0.990323 
2358 0.806851 
2359 0.911957 
2360 0.776785 
2361 1.148936 
2362 0.909486 
2363 0.848762 
2364 1.124806 
2365 0.974110 
2366 0.922514 
2367 1.051445 
2368 0.978201 
2369 0.809475 
2370 1.090598 
2371 1.018530 
2372 0.876813 
2373 1.119656 
2374 1.035982 
2375 1.050157 
2376 0.905872 
2377 1.149829 
2378 1.020809 
2379 1.059083 
2380 0.839466 
2381 0.867311 
2382 1.023050 
2383 1.122750 
2384 0.982913 
2385 1.156459 
2386 0.862089 
2387 0.998732 
2388 1.187039 
2389 0.946186 
2390 1.096740 
2391 1.227555 
2392 0.885087 
2393 0.991982 
2394 1.067467 
2395 1.110388 
2396 0.982373 
2397 1.013531 
2398 1.099029 
2399 0.979213 
2400 1.010671 
2401 0.981497 
2402 1.010955 
2403 1.149716 
2404 0.924024 
2405 1.216657 
2406 0.864210 
2407 0.939693 
2408 0.946169 
2409 0.920001 
2410 0.928502 
2411 1.038938 
2412 0.846936 
2413 1.057132 
2414 1.090244 
2415 1.204784 
2416 1.080414 
2417 0.998908 
2418 0.992070 
2419 1.067351 
2420 0.961314 
2421 1.047347 
2422 1.010987 
2423 1.041730 
2424 1.193948 
2425 0.895223 
2426 1.037140 
2427 0.762124 
2428 0.970148 
2429 1.009754 
2430 0.880956 
2431 0.842611 
2432 1.045026 
2433 0.858363 
2434 1.165202 
2435 1.047683 
2436 0.803348 
2437 0.976143 
2438 0.951441 
2439 0.970353 
2440 1.064124 
2441 0.950093 
2442 1.075906 
2443 0.990764 
2444 1.106028 
2445 1.003518 
2446 1.025497 
2447 1.000376 
2448 1.098067 
2449 0.918118 
2450 0.862907 
2451 1.110961 
2452 0.749748 
2453 1.095429 
2454 1.046298 
2455 1.038768 
2456 1.106175 
2457 1.219967 
2458 0.857494 
2459 1.058457 
2460 0.917018 
2461 1.021136 
2462 1.026202 
2463 0.839741 
2464 0.995159 
2465 0.857183 
2466 0.920530 
2467 1.030560 
2468 0.947420 
2469 0.894742 
2470 0.961137 
2471 0.848449 
2472 0.956706 
2473 1.053494 
2474 1.193333 
2475 0.972120 
2476 1.136890 
2477 0.905857 
2478 1.083122 
2479 1.072012 
2480 1.117128 
2481 1.080117 
2482 0.876821 
2483 0.987687 
2484 0.982527 
2485 0.822763 
2486 1.074213 
2487 0.827187 
2488 1.040045 
2489 0.977359 
2490 0.788905 
2491 1.078732 
2492 0.998394 
2493 0.806487 
2494 1.103949 
2495 0.877487 
2496 0.927664 
2497 0.921173 
2498 0.815050 
2499 1.058231 
2500 1.079369 
2501 1.200232 
2502 0.921964 
2503 1.102534 
2504 1.007583 
2505 1.119877 
2506 0.945986 
2507 0.963573 
2508 0.909100 
2509 0.959282 
2510 1.216439 
2511 0.900119 
2512 0.949980 
2513 0.936863 
2514 0.945448 
2515 1.026085 
2516 1.078662 
2517 0.923796 
2518 0.975352 
2519 1.122104 
2520 1.102860 
2521 0.850671 
2522 1.067691 
2523 1.172341 
2524 0.998187 
2525 1.029527 
2526 1.089937 
2527 0.863360 
2528 0.992626 
2529 0.983964 
2530 0.995349 
2531 1.036826 
2532 1.004015 
2533 1.083143 
2534 1.010297 
2535 0.923455 
2536 0.698513 
2537 0.948281 
2538 1.126694 
2539 1.105581 
2540 0.988453 
2541 0.927803 
2542 1.004776 
2543 0.848255 
2544 1.019337 
2545 0.991648 
2546 0.776921 
2547 1.024847 
2548 1.053323 
2549 1.033035 
2550 0.936143 
2551 1.073486 
2552 0.913501 
2553 0.860415 
2554 0.922526 
2555 1.118291 
2556 1.056575 
2557 1.080177 
2558 0.892448 
2559 0.933462 
2560 0.924822 
2561 1.195334 
2562 0.937062 
2563 1.138706 
2564 0.995006 
2565 0.819464 
2566 1.019479 
2567 0.954804 
2568 1.135433 
2569 0.988016 
2570 1.032126 
2571 0.958948 
2572 1.035548 
2573 1.033850 
2574 0.947372 
2575 1.086311 
2576 1.086937 
2577 0.823343 
2578 1.015872 
2579 1.240865 
2580 1.096014 
2581 1.004226 
2582 1.108637 
2583 0.997915 
2584 0.916511 
2585 0.970471 
2586 0.892897 
2587 1.027994 
2588 0.972817 
2589 1.031992 
2590 1.038433 
2591 0.859632 
2592 1.201046 
2593 1.135264 
2594 0.868679 
2595 1.129660 
2596 0.926399 
2597 0.785163 
2598 1.045555 
2599 0.986181 
2600 0.872731 
2601 0.856799 
2602 0.902655 
2603 0.818697 
2604 1.161968 
2605 1.134003 
2606 0.923330 
2607 0.959823 
2608 1.053397 
2609 0.902331 
2610 0.909101 
2611 0.892296 
2612 0.913459 
2613 0.969362 
2614 0.947020 
2615 1.033318 
2616 0.982799 
2617 0.975346 
2618 1.000537 
2619 0.988278 
2620 0.993277 
2621 0.995322 
2622 0.966951 
2623 0.965542 
2624 0.981138 
2625 0.891765 
2626 0.917501 
2627 0.889436 
2628 1.040707 
2629 0.785083 
2630 0.918864 
2631 0.953733 
2632 0.928567 
2633 0.964919 
2634 1.116319 
2635 1.077165 
2636 1.029320 
2637 1.020556 
2638 0.885880 
2639 0.987992 
2640 0.943057 
2641 1.100080 
2642 0.774501 
2643 1.062071 
2644 1.015878 
2645 0.931870 
2646 1.231321 
2647 1.212466 
2648 1.022904 
2649 0.878210 
2650 1.092287 
2651 0.887281 
2652 0.881339 
2653 0.824592 
2654 0.967414 
2655 0.945939 
2656 1.048723 
2657 1.051469 
2658 1.237625 
2659 1.119112 
2660 1.040944 
2661 1.038716 
2662 1.042065 
2663 1.035443 
2664 0.927805 
2665 1.025922 
2666 1.134375 
2667 0.880980 
2668 1.020858 
2669 0.724268 
2670 0.900599 
2671 1.008041 
2672 0.956657 
2673 0.975113 
2674 1.014176 
2675 0.919886 
2676 0.972836 
2677 1.075780 
2678 0.962957 
2679 1.135877 
2680 1.023827 
2681 1.188829 
2682 0.956413 
2683 1.147379 
2684 0.954013 
2685 0.865783 
2686 0.941014 
2687 0.949959 
2688 1.151186 
2689 0.954144 
2690 0.867487 
2691 1.076959 
2692 0.958877 
2693 1.088608 
2694 1.075413 
2695 1.085238 
2696 1.068626 
2697 0.951284 
2698 1.165609 
2699 0.996394 
2700 1.086089 
2701 1.043939 
2702 0.892385 
2703 0.902108 
2704 1.008331 
2705 0.989040 
2706 1.044412 
2707 1.085819 
2708 1.021888 
2709 0.894650 
2710 1.006506 
2711 0.903817 
2712 0.993321 
2713 1.031904 
2714 0.880590 
2715 0.983783 
2716 1.187063 
2717 1.010575 
2718 0.964345 
2719 0.893438 
2720 0.821858 
2721 1.175219 
2722 1.030456 
2723 1.043264 
2724 1.021151 
2725 0.871975 
2726 1.027959 
2727 1.101960 
2728 1.059075 
2729 0.931743 
2730 1.058328 
2731 0.957333 
2732 0.929168 
2733 0.866460 
2734 1.027188 
2735 1.081305 
2736 0.890916 
2737 1.023714 
2738 1.094742 
2739 1.047544 
2740 0.834214 
2741 1.077514 
2742 1.058015 
2743 1.162330 
2744 0.880170 
2745 0.962888 
2746 0.899354 
2747 0.906678 
2748 1.026056 
2749 0.893365 
2750 1.050026 
2751 1.052219 
2752 1.001249 
2753 1.143539 
2754 1.002148 
2755 0.968828 
2756 1.124538 
2757 0.908576 
2758 1.014365 
2759 0.924351 
2760 0.925676 
2761 0.957462 
2762 1.058289 
2763 1.071582 
2764 0.943553 
2765 1.026083 
2766 0.898635 
2767 0.952956 
2768 1.142561 
2769 0.925018 
2770 1.070592 
2771 0.834633 
2772 1.078750 
2773 1.045468 
2774 1.054376 
2775 1.001250 
2776 1.053160 
2777 0.952964 
2778 1.046716 
2779 0.925705 
2780 0.996219 
2781 1.074432 
2782 1.105569 
2783 1.109043 
2784 0.917032 
2785 1.028192 
2786 0.983347 
2787 0.929117 
2788 0.910578 
2789 0.855683 
2790 0.908621 
2791 0.996649 
2792 1.061477 
2793 1.002910 
2794 0.889877 
2795 1.057553 
2796 0.920233 
2797 1.066458 
2798 1.005654 
2799 1.145540 
2800 0.828852 
2801 0.918179 
2802 1.022596 
2803 1.072643 
2804 0.716744 
2805 1.083326 
2806 0.990966 
2807 0.916689 
2808 1.036027 
2809 0.902947 
2810 1.073151 
2811 0.855347 
2812 1.166577 
2813 0.869938 
2814 0.855080 
2815 1.062722 
2816 0.943371 
2817 1.151946 
2818 0.806250 
2819 0.890607 
2820 1.038304 
2821 0.952918 
2822 1.240212 
2823 1.065269 
2824 1.030286 
2825 0.891979 
2826 1.060144 
2827 1.011924 
2828 1.168994 
2829 1.050286 
2830 0.919642 
2831 1.071525 
2832 1.087889 
2833 0.949197 
2834 0.862847 
2835 0.893020 
2836 0.947875 
2837 0.967125 
2838 1.231878 
2839 1.023281 
2840 0.996019 
2841 0.901240 
2842 1.352856 
2843 0.948806 
2844 1.152896 
2845 1.077089 
2846 0.862475 
2847 0.760039 
2848 0.934687 
2849 0.981901 
2850 0.964540 
2851 1.081142 
2852 1.014352 
2853 0.916171 
2854 1.034829 
2855 1.066724 
2856 0.902272 
2857 0.976114 
2858 1.057804 
2859 0.989422 
2860 0.808687 
2861 1.021573 
2862 0.893413 
2863 1.016134 
2864 0.952164 
2865 1.098448 
2866 1.060520 
2867 1.032676 
2868 0.877096 
2869 0.974920 
2870 0.901257 
2871 1.085792 
2872 0.828189 
2873 0.982722 
2874 0.867865 
2875 1.092138 
2876 1.163360 
2877 0.861364 
2878 1.125671 
2879 0.876726 
2880 0.955594 
2881 1.171902 
2882 0.953635 
2883 0.767145 
2884 0.941188 
2885 0.993993 
2886 0.975431 
2887 1.204820 
2888 0.918766 
2889 1.178891 
2890 1.084753 
2891 0.923661 
2892 0.995492 
2893 0.973775 
2894 0.798115 
2895 1.022937 
2896 0.995050 
2897 0.870924 
2898 0.844923 
2899 0.809383 
2900 1.011252 
2901 0.874765 
2902 0.847747 
2903 0.846710 
2904 1.217059 
2905 1.022562 
2906 1.091169 
2907 0.856344 
2908 1.026428 
2909 1.056755 
2910 1.108973 
2911 0.859032 
2912 0.958091 
2913 0.897714 
2914 0.857519 
2915 0.981278 
2916 0.884847 
2917 0.969861 
2918 1.025836 
2919 0.875753 
2920 1.006350 
2921 1.174761 
2922 1.072260 
2923 1.022060 
2924 1.101807 
2925 1.064233 
2926 0.932895 
2927 0.885835 
2928 0.916650 
2929 0.959447 
2930 1.008903 
2931 1.011160 
2932 1.095216 
2933 0.829747 
2934 0.877527 
2935 0.985593 
2936 1.152326 
2937 0.941568 
2938 0.985764 
2939 0.997819 
2940 0.820230 
2941 1.155405 
2942 1.045404 
2943 0.835276 
2944 1.159098 
2945 1.165904 
2946 1.019141 
2947 1.098225 
2948 1.065024 
2949 0.982833 
2950 1.184948 
2951 1.130183 
2952 1.078261 
2953 0.982202 
2954 1.121188 
2955 0.812781 
2956 0.795045 
2957 0.926709 
2958 1.109536 
2959 0.804782 
2960 1.168467 
2961 1.060479 
2962 0.986097 
2963 1.154789 
2964 0.858558 
2965 1.231727 
2966 1.035443 
2967 1.015312 
2968 1.107055 
2969 0.845403 
2970 0.947568 
2971 1.171732 
2972 0.973187 
2973 1.151206 
2974 1.103815 
2975 0.903644 
2976 0.983968 
2977 1.023595 
2978 0.969366 
2979 1.064875 
2980 0.724486 
2981 0.960783 
2982 0.881030 
2983 0.864431 
2984 0.993010 
2985 1.044946 
2986 1.102239 
2987 0.980646 
2988 0.967639 
2989 0.762995 
2990 0.986813 
2991 0.928897 
2992 0.969206 
2993 1.003947 
2994 0.849042 
2995 0.856661 
2996 0.884796 
2997 0.998917 
2998 0.973479 
2999 1.121702 
3000 0.981736 
3001 1.059736 
3002 0.898876 
3003 1.005001 
3004 0.952322 
3005 0.990537 
3006 0.808021 
3007 1.053891 
3008 1.170840 
3009 0.860392 
3010 0.861121 
3011 1.117318 
3012 1.071683 
3013 0.970375 
3014 0.846418 
3015 0.978619 
3016 1.202883 
3017 0.942846 
3018 1.031545 
3019 1.225498 
3020 1.230294 
3021 0.869159 
3022 0.918210 
3023 0.910934 
3024 1.082082 
3025 0.966686 
3026 1.020502 
3027 0.952146 
3028 1.074067 
3029 0.970465 
3030 0.876985 
3031 0.923692 
3032 0.988747 
3033 1.001691 
3034 1.002122 
3035 0.845952 
3036 0.974999 
3037 1.038417 
3038 0.981768 
3039 0.963524 
3040 0.954347 
3041 0.907287 
3042 1.048810 
3043 0.791866 
3044 0.937694 
3045 1.163205 
3046 0.807785 
3047 0.858493 
3048 0.918622 
3049 0.860612 
3050 0.925662 
3051 1.035038 
3052 1.062450 
3053 0.812722 
3054 1.080451 
3055 1.156919 
3056 0.892900 
3057 0.990679 
3058 1.168141 
3059 1.149258 
3060 0.959016 
3061 1.082278 
3062 1.072128 
3063 1.061672 
3064 0.815884 
3065 0.978536 
3066 0.974956 
3067 1.119599 
3068 0.824981 
3069 0.981709 
3070 0.961960 
3071 1.071075 
3072 1.061135 
3073 0.902916 
3074 0.807537 
3075 0.912219 
3076 0.935155 
3077 0.995591 
3078 0.857134 
3079 1.051223 
3080 0.774483 
3081 1.008290 
3082 1.073838 
3083 1.052795 
3084 0.980767 
3085 1.100703 
3086 0.888547 
3087 1.037146 
3088 0.867492 
3089 1.068020 
3090 0.836678 
3091 0.942545 
3092 0.937408 
3093 0.950237 
3094 1.124738 
3095 0.956793 
3096 0.977039 
3097 1.049747 
3098 0.959155 
3099 1.028001 
3100 1.054197 
3101 1.060947 
3102 0.989423 
3103 1.037030 
3104 0.949049 
3105 0.966684 
3106 0.955308 
3107 0.892761 
3108 1.061449 
3109 1.126788 
3110 1.072709 
3111 0.993757 
3112 1.004540 
3113 1.173940 
3114 0.851728 
3115 1.047891 
3116 0.797973 
3117 1.114301 
3118 1.058107 
3119 1.107126 
3120 0.885872 
3121 0.880294 
3122 0.807496 
3123 1.024150 
3124 1.363604 
3125 0.947194 
3126 0.956480 
3127 1.015377 
3128 0.951645 
3129 0.966699 
3130 0.861560 
3131 0.945751 
3132 1.045011 
3133 0.988772 
3134 0.937599 
3135 0.869240 
3136 0.893493 
3137 1.164357 
3138 1.142206 
3139 1.229826 
3140 0.902728 
3141 1.046369 
3142 1.123768 
3143 1.040128 
3144 0.767886 
3145 1.012162 
3146 1.157180 
3147 0.963447 
3148 1.142495 
3149 1.025276 
3150 1.129320 
3151 0.938465 
3152 0.909585 
3153 1.043722 
3154 1.025824 
3155 0.946233 
3156 1.208507 
3157 1.069116 
3158 1.115995 
3159 0.959211 
3160 0.951882 
3161 1.082097 
3162 1.279308 
3163 1.149924 
3164 1.009690 
3165 0.911548 
3166 0.819909 
3167 0.957675 
3168 0.899306 
3169 0.981710 
3170 1.070888 
3171 0.986954 
3172 1.110495 
3173 0.934167 
3174 0.980590 
3175 0.895061 
3176 1.174424 
3177 1.011266 
3178 0.908744 
3179 1.158093 
3180 0.985787 
3181 0.895434 
3182 0.995178 
3183 1.125731 
3184 1.008152 
3185 1.273388 
3186 1.026834 
3187 0.911935 
3188 1.242336 
3189 0.773685 
3190 1.115499 
3191 1.055388 
3192 1.099027 
3193 0.918369 
3194 0.935407 
3195 0.904060 
3196 1.004424 
3197 0.968401 
3198 0.956810 
3199 0.914539 
3200 0.703504 
3201 0.944449 
3202 1.091290 
3203 0.981200 
3204 0.977551 
3205 0.997953 
3206 0.930227 
3207 1.005225 
3208 0.927114 
3209 0.945229 
3210 0.881080 
3211 0.941323 
3212 0.924747 
3213 1.223948 
3214 1.117259 
3215 1.046057 
3216 0.905444 
3217 0.943412 
3218 0.884130 
3219 1.175613 
3220 1.145871 
3221 1.066788 
3222 1.090462 
3223 1.108768 
3224 0.982647 
3225 0.932348 
3226 1.129721 
3227 0.952667 
3228 0.972444 
3229 1.156192 
3230 0.954542 
3231 0.971690 
3232 1.129479 
3233 0.921146 
3234 1.001364 
3235 1.050929 
3236 0.861772 
3237 0.789467 
3238 1.170110 
3239 1.175403 
3240 1.154575 
3241 0.903520 
3242 0.879500 
3243 0.871492 
3244 1.068508 
3245 0.960712 
3246 0.956079 
3247 0.989400 
3248 1.076619 
3249 1.013585 
3250 1.051438 
3251 0.904144 
3252 0.905934 
3253 0.944935 
3254 1.015883 
3255 0.913474 
3256 1.103384 
3257 0.914511 
3258 1.131392 
3259 0.811804 
3260 0.949644 
3261 1.023687 
3262 1.007048 
3263 0.859057 
3264 1.077449 
3265 0.974774 
3266 0.879526 
3267 1.073610 
3268 1.060497 
3269 1.030055 
3270 0.881558 
3271 0.857977 
3272 0.917188 
3273 1.033986 
3274 1.094721 
3275 0.969033 
3276 0.981671 
3277 1.029480 
3278 1.046466 
3279 0.960052 
3280 0.936005 
3281 0.921530 
3282 0.927880 
3283 1.002467 
3284 1.045784 
3285 1.014226 
3286 1.139090 
3287 0.882743 
3288 0.884524 
3289 1.109564 
3290 0.940780 
3291 1.091802 
3292 0.952018 
3293 0.923588 
3294 1.187332 
3295 1.078555 
3296 0.961339 
3297 0.963848 
3298 0.987623 
3299 1.077113 
3300 1.134514 
3301 1.031000 
3302 0.841705 
3303 1.001296 
3304 1.005274 
3305 0.951456 
3306 0.934881 
3307 1.121291 
3308 1.056802 
3309 1.021934 
3310 0.941506 
3311 1.073142 
3312 0.875177 
3313 0.939596 
3314 1.062577 
3315 0.864811 
3316 1.096528 
3317 0.979379 
3318 0.885055 
3319 0.832495 
3320 0.927653 
3321 1.045248 
3322 0.982244 
3323 0.968098 
3324 1.032958 
3325 1.020496 
3326 1.160160 
3327 1.026875 
3328 0.952478 
3329 0.826734 
3330 0.976939 
3331 1.203177 
3332 0.974887 
3333 1.159175 
3334 0.872995 
3335 0.930005 
3336 1.101186 
3337 1.072493 
3338 1.028282 
3339 1.117606 
3340 1.153832 
3341 0.884951 
3342 0.957906 
3343 1.172647 
3344 1.077044 
3345 0.949344 
3346 1.019926 
3347 0.952425 
3348 1.197633 
3349 0.978085 
3350 1.218477 
3351 1.006646 
3352 0.986208 
3353 0.971875 
3354 0.930731 
3355 0.847758 
3356 0.999449 
3357 1.262693 
3358 1.011600 
3359 0.862678 
3360 1.066847 
3361 1.048822 
3362 0.945899 
3363 0.830843 
3364 0.998712 
3365 0.987318 
3366 1.127409 
3367 1.080161 
3368 0.929272 
3369 1.027983 
3370 1.093790 
3371 1.044117 
3372 0.896507 
3373 0.977831 
3374 1.046491 
3375 0.915277 
3376 0.842625 
3377 0.868216 
3378 1.086257 
3379 0.863426 
3380 0.873281 
3381 1.161634 
3382 0.933315 
3383 0.731644 
3384 0.912695 
3385 1.180684 
3386 1.060687 
3387 1.042263 
3388 0.941327 
3389 1.061612 
3390 1.063281 
3391 1.051467 
3392 0.938002 
3393 1.003120 
3394 1.110492 
3395 1.073739 
3396 0.837235 
3397 1.034014 
3398 1.063494 
3399 0.845618 
3400 0.745668 
3401 1.110558 
3402 0.978565 
3403 0.974050 
3404 1.134442 
3405 1.022283 
3406 0.859248 
3407 1.013967 
3408 0.965444 
3409 0.999765 
3410 0.842239 
3411 0.726636 
3412 0.811336 
3413 0.841119 
3414 1.051290 
3415 1.124418 
3416 1.019782 
3417 0.960396 
3418 1.038216 
3419 0.939323 
3420 0.912943 
3421 0.967597 
3422 0.858736 
3423 0.871116 
3424 1.127519 
3425 0.985597 
3426 1.083709 
3427 1.057325 
3428 0.957800 
3429 0.882333 
3430 0.975677 
3431 0.795583 
3432 1.276313 
3433 0.938813 
3434 1.186638 
3435 0.980992 
3436 1.008447 
3437 0.931941 
3438 0.928018 
3439 0.839415 
3440 1.085418 
3441 1.034243 
3442 0.813910 
3443 1.020620 
3444 1.011929 
3445 0.853199 
3446 0.902397 
3447 1.178001 
3448 1.145821 
3449 1.173011 
3450 1.052008 
3451 0.856874 
3452 0.963410 
3453 1.050720 
3454 0.875652 
3455 1.100232 
3456 0.917397 
3457 1.073158 
3458 0.970383 
3459 0.956353 
3460 1.036487 
3461 0.976646 
3462 0.978048 
3463 1.045455 
3464 0.960369 
3465 1.095369 
3466 0.913234 
3467 1.044431 
3468 1.212694 
3469 1.036734 
3470 1.018652 
3471 1.014174 
3472 1.066999 
3473 0.972065 
3474 1.071844 
3475 1.058833 
3476 1.030528 
3477 1.012131 
3478 0.913282 
3479 1.062444 
3480 0.943561 
3481 0.948092 
3482 0.956749 
3483 0.922155 
3484 0.825647 
3485 0.990501 
3486 1.200325 
3487 0.807082 
3488 1.091697 
3489 0.979031 
3490 1.160082 
3491 1.007938 
3492 1.131464 
3493 1.011127 
3494 0.964684 
3495 1.017202 
3496 0.906588 
3497 1.011866 
3498 0.984280 
3499 0.922347 
3500 1.045622 
3501 1.199897 
3502 1.010168 
3503 0.927826 
3504 0.849102 
3505 1.113926 
3506 1.133231 
3507 1.029956 
3508 0.943463 
3509 1.239926 
3510 1.016684 
3511 1.026494 
3512 1.147837 
3513 0.992993 
3514 0.823447 
3515 1.180261 
3516 0.981495 
3517 1.062369 
3518 0.920904 
3519 1.177854 
3520 1.018400 
3521 1.014667 
3522 1.018276 
3523 0.886352 
3524 1.249863 
3525 0.943035 
3526 0.994315 
3527 1.130487 
3528 1.052009 
3529 0.818618 
3530 0.937074 
3531 0.961519 
3532 1.162607 
3533 0.963968 
3534 0.976239 
3535 1.082540 
3536 1.080699 
3537 0.988288 
3538 0.892571 
3539 0.946980 
3540 1.040694 
3541 0.974864 
3542 1.233026 
3543 1.025034 
3544 1.115908 
3545 0.907674 
3546 0.920452 
3547 0.931813 
3548 0.798500 
3549 0.923914 
3550 1.285843 
3551 1.064027 
3552 0.769188 
3553 0.950276 
3554 0.870442 
3555 1.149580 
3556 1.080823 
3557 0.915405 
3558 0.864047 
3559 1.052618 
3560 1.062243 
3561 0.947288 
3562 1.189101 
3563 1.105170 
3564 1.149627 
3565 0.862263 
3566 0.919444 
3567 0.982428 
3568 0.989405 
3569 1.177965 
3570 1.242332 
3571 0.837004 
3572 0.920740 
3573 0.799417 
3574 0.990153 
3575 1.002764 
3576 0.905876 
3577 0.967290 
3578 0.803127 
3579 0.982013 
3580 1.182217 
3581 1.006566 
3582 1.201330 
3583 0.902371 
3584 1.156167 
3585 0.910111 
3586 0.724179 
3587 0.952309 
3588 0.998900 
3589 1.013706 
3590 1.205419 
3591 1.026760 
3592 0.978688 
3593 1.052904 
3594 1.009889 
3595 1.140437 
3596 0.933364 
3597 0.928450 
3598 1.160979 
3599 1.027486 
3600 1.096753 
3601 0.863031 
3602 1.156004 
3603 0.935724 
3604 1.073543 
3605 1.006025 
3606 0.987095 
3607 1.237219 
3608 0.947784 
3609 0.967605 
3610 0.788452 
3611 0.860764 
3612 1.041787 
3613 0.902100 
3614 1.078534 
3615 1.057480 
3616 1.049990 
3617 0.976114 
3618 1.260617 
3619 0.973601 
3620 0.939412 
3621 0.981202 
3622 0.681366 
3623 1.084928 
3624 1.014767 
3625 1.110756 
3626 1.181998 
3627 1.154006 
3628 0.995209 
3629 0.900873 
3630 1.080405 
3631 1.078827 
3632 0.902262 
3633 1.147667 
3634 1.129787 
3635 1.018798 
3636 1.137024 
3637 0.968120 
3638 1.087544 
3639 1.054503 
3640 0.925522 
3641 0.984352 
3642 0.892834 
3643 0.874049 
3644 1.073187 
3645 1.115884 
3646 0.820850 
3647 0.913927 
3648 0.991547 
3649 1.009721 
3650 0.877437 
3651 0.960209 
3652 1.116868 
3653 0.899487 
3654 1.111593 
3655 1.027086 
3656 0.977690 
3657 1.051899 
3658 0.969050 
3659 1.021216 
3660 0.861853 
3661 1.121575 
3662 1.105471 
3663 1.121467 
3664 0.931362 
3665 1.057842 
3666 0.810994 
3667 0.992537 
3668 0.950841 
3669 1.045330 
3670 0.864031 
3671 1.116643 
3672 0.979792 
3673 0.978320 
3674 0.971755 
3675 1.002410 
3676 0.945742 
3677 0.936936 
3678 0.989973 
3679 0.975514 
3680 1.112173 
3681 0.865414 
3682 1.025183 
3683 1.109816 
3684 0.885380 
3685 0.720336 
3686 0.885883 
3687 0.938571 
3688 0.922807 
3689 0.971058 
3690 1.074593 
3691 1.049721 
3692 1.098130 
3693 1.081731 
3694 0.996879 
3695 1.029531 
3696 0.870188 
3697 0.957801 
3698 0.860756 
3699 0.943717 
3700 1.272583 
3701 1.071239 
3702 0.899826 
3703 1.075933 
3704 0.932618 
3705 0.915270 
3706 1.129261 
3707 1.114629 
3708 1.076938 
3709 1.113857 
3710 1.035879 
3711 0.797333 
3712 0.860902 
3713 0.989150 
3714 1.087499 
3715 1.015231 
3716 0.924741 
3717 0.992811 
3718 0.874147 
3719 0.919914 
3720 1.009988 
3721 0.889994 
3722 1.068150 
3723 0.872135 
3724 0.928841 
3725 1.236440 
3726 0.962155 
3727 0.833388 
3728 1.096863 
3729 1.010053 
3730 1.003808 
3731 1.086839 
3732 1.074602 
3733 1.061339 
3734 0.961120 
3735 0.890370 
3736 0.902236 
3737 0.938415 
3738 1.051990 
3739 0.985597 
3740 1.108229 
3741 0.886069 
3742 1.087621 
3743 1.006506 
3744 0.932812 
3745 1.034042 
3746 0.799917 
3747 1.219521 
3748 0.854781 
3749 1.054864 
3750 1.056308 
3751 1.077662 
3752 0.933091 
3753 0.725214 
3754 0.789879 
3755 0.831560 
3756 0.977273 
3757 1.009486 
3758 1.076362 
3759 1.099398 
3760 0.865043 
3761 0.947208 
3762 0.829301 
3763 1.132584 
3764 0.890842 
3765 1.077770 
3766 1.006121 
3767 0.957546 
3768 1.104123 
3769 1.072131 
3770 1.148747 
3771 0.837108 
3772 1.006465 
3773 0.873850 
3774 0.889458 
3775 0.961909 
3776 0.934174 
3777 0.978293 
3778 1.050153 
3779 1.223080 
3780 0.990234 
3781 0.948689 
3782 0.994386 
3783 1.076381 
3784 1.154147 
3785 0.996866 
3786 0.947764 
3787 1.115815 
3788 1.104738 
3789 0.739408 
3790 0.966191 
3791 0.888945 
3792 0.983139 
3793 0.848598 
3794 0.972810 
3795 0.989429 
3796 0.919966 
3797 1.057339 
3798 1.165012 
3799 0.733975 
3800 0.952047 
3801 1.003236 
3802 0.957579 
3803 1.072810 
3804 0.957205 
3805 0.947192 
3806 0.955330 
3807 0.834345 
3808 0.930006 
3809 0.927254 
3810 0.973764 
3811 0.943038 
3812 1.074911 
3813 0.986772 
3814 1.202904 
3815 1.061417 
3816 1.000886 
3817 1.013277 
3818 1.022653 
3819 1.277023 
3820 1.118444 
3821 1.045783 
3822 0.715155 
3823 0.966402 
3824 0.978980 
3825 1.026377 
3826 1.087253 
3827 1.059877 
3828 1.193936 
3829 0.886671 
3830 0.929583 
3831 0.970533 
3832 1.008490 
3833 0.952604 
3834 0.924402 
3835 0.903369 
3836 1.022718 
3837 0.919828 
3838 1.190093 
3839 0.733595 
3840 0.856351 
3841 0.985960 
3842 0.822346 
3843 1.118078 
3844 0.961525 
3845 0.986278 
3846 0.955414 
3847 1.062647 
3848 1.082841 
3849 1.096635 
3850 0.888047 
3851 0.945933 
3852 1.003470 
3853 0.909473 
3854 0.903477 
3855 1.081913 
3856 1.009966 
3857 0.923137 
3858 1.157759 
3859 0.880713 
3860 0.984407 
3861 0.829572 
3862 1.059522 
3863 1.021320 
3864 0.997606 
3865 0.874651 
3866 0.763657 
3867 0.919452 
3868 0.952017 
3869 1.034777 
3870 1.168116 
3871 0.879317 
3872 1.053403 
3873 1.076240 
3874 1.068440 
3875 0.981205 
3876 0.949025 
3877 0.934352 
3878 1.070178 
3879 1.039443 
3880 1.244869 
3881 1.249047 
3882 0.870926 
3883 0.880305 
3884 0.977511 
3885 1.061279 
3886 1.037453 
3887 1.040689 
3888 1.078313 
3889 1.020508 
3890 0.901792 
3891 1.035374 
3892 0.854705 
3893 0.967828 
3894 1.153149 
3895 0.807897 
3896 0.887611 
3897 1.014703 
3898 0.917848 
3899 1.072065 
3900 1.103657 
3901 1.087987 
3902 0.924658 
3903 1.075899 
3904 0.911673 
3905 1.029963 
3906 0.938110 
3907 0.894418 
3908 1.081520 
3909 0.927451 
3910 0.893096 
3911 0.956819 
3912 1.051794 
3913 1.065253 
3914 1.098952 
3915 0.949129 
3916 1.103956 
3917 0.973845 
3918 0.886465 
3919 1.114623 
3920 1.013121 
3921 1.028291 
3922 1.062282 
3923 1.024879 
3924 1.091541 
3925 1.119303 
3926 0.962086 
3927 1.014837 
3928 1.103161 
3929 1.150771 
3930 1.153743 
3931 0.969540 
3932 0.971185 
3933 0.979074 
3934 1.035504 
3935 1.133182 
3936 1.065834 
3937 1.098035 
3938 0.955839 
3939 1.157052 
3940 0.946043 
3941 1.032118 
3942 0.960807 
3943 0.919669 
3944 0.985941 
3945 1.022006 
3946 0.927531 
3947 0.997817 
3948 0.908368 
3949 1.040405 
3950 0.887043 
3951 0.855257 
3952 1.166594 
3953 1.193208 
3954 1.068918 
3955 1.026483 
3956 1.089290 
3957 0.786116 
3958 0.979212 
3959 1.100958 
3960 1.187733 
3961 1.145334 
3962 0.867467 
3963 0.940233 
3964 0.983058 
3965 1.131885 
3966 0.877075 
3967 0.890851 
3968 0.963087 
3969 1.054378 
3970 0.997093 
3971 0.965933 
3972 1.015862 
3973 0.859846 
3974 0.761100 
3975 1.158931 
3976 0.980632 
3977 0.864008 
3978 1.091541 
3979 0.917853 
3980 0.884676 
3981 0.810366 
3982 1.033174 
3983 0.941211 
3984 1.115755 
3985 0.979055 
3986 0.945510 
3987 1.197619 
3988 0.826037 
3989 1.063723 
3990 0.923143 
3991 1.053316 
3992 1.257109 
3993 1.021374 
3994 0.911392 
3995 1.020491 
3996 0.919614 
3997 0.936547 
3998 1.055249 
3999 1.005559 
4000 0.925182 
4001 0.895697 
4002 0.934971 
4003 0.771952 
4004 0.779151 
4005 0.980583 
4006 1.088559 
4007 1.118279 
4008 0.897974 
4009 1.062388 
4010 1.156420 
4011 0.986358 
4012 1.161852 
4013 1.080296 
4014 1.103666 
4015 1.095632 
4016 1.030036 
4017 1.022149 
4018 1.032829 
4019 1.071086 
4020 1.163365 
4021 0.731269 
4022 1.049472 
4023 1.004560 
4024 1.047532 
4025 0.931114 
4026 0.922008 
4027 1.150735 
4028 0.996759 
4029 1.200385 
4030 1.010084 
4031 0.973289 
4032 1.069114 
4033 1.035679 
4034 1.029525 
4035 0.964727 
4036 1.116874 
4037 0.846550 
4038 0.920431 
4039 0.918067 
4040 1.194772 
4041 0.994631 
4042 1.066440 
4043 1.046103 
4044 1.041388 
4045 0.932856 
4046 0.978455 
4047 1.063924 
4048 0.928248 
4049 0.933147 
4050 0.987308 
4051 0.880639 
4052 1.035114 
4053 1.009122 
4054 1.017884 
4055 1.201169 
4056 0.764079 
4057 0.925378 
4058 0.958175 
4059 1.154115 
4060 0.915630 
4061 1.037145 
4062 0.888033 
4063 1.023705 
4064 1.056325 
4065 1.022932 
4066 1.075263 
4067 0.928788 
4068 1.118412 
4069 1.056122 
4070 1.190701 
4071 1.238286 
4072 1.111218 
4073 0.867125 
4074 0.975675 
4075 0.993190 
4076 1.125862 
4077 1.123841 
4078 0.938350 
4079 1.042689 
4080 1.081847 
4081 1.050413 
4082 0.827071 
4083 0.913206 
4084 0.950498 
4085 1.017108 
4086 1.076779 
4087 1.060090 
4088 0.935167 
4089 0.987342 
4090 1.169208 
4091 1.015834 
4092 0.977840 
4093 1.047386 
4094 1.114503 
4095 0.962545 
4096 1.044376 
4097 0.932748 
4098 1.244643 
4099 0.896007 
4100 0.848549 
4101 1.207899 
4102 1.027956 
4103 0.849024 
4104 0.876394 
4105 1.072688 
4106 1.010505 
4107 1.084434 
4108 0.885460 
4109 0.981417 
4110 1.003622 
4111 1.161539 
4112 0.842626 
4113 0.859154 
4114 1.000990 
4115 0.985167 
4116 1.058730 
4117 0.916289 
4118 1.111231 
4119 1.019183 
4120 1.014308 
4121 0.940412 
4122 1.219932 
4123 0.919544 
4124 1.032868 
4125 0.822347 
4126 1.080432 
4127 1.054449 
4128 0.848134 
4129 0.961711 
4130 1.019262 
4131 0.957597 
4132 1.031332 
4133 0.816848 
4134 1.110571 
4135 1.136539 
4136 0.986192 
4137 0.991708 
4138 0.813709 
4139 0.911138 
4140 1.146768 
4141 1.072164 
4142 1.050263 
4143 1.124051 
4144 0.979360 
4145 1.030126 
4146 0.842333 
4147 0.982064 
4148 0.901774 
4149 1.087262 
4150 1.142456 
4151 1.003371 
4152 1.159065 
4153 1.026905 
4154 1.071682 
4155 1.127427 
4156 0.944960 
4157 0.982676 
4158 0.973410 
4159 0.821949 
4160 0.985893 
4161 0.936814 
4162 1.074346 
4163 1.093916 
4164 1.013952 
4165 0.907091 
4166 1.076401 
4167 0.959266 
4168 0.988980 
4169 1.018774 
4170 1.040585 
4171 0.941737 
4172 1.075990 
4173 1.007030 
4174 1.026067 
4175 0.945635 
4176 0.879326 
4177 1.149301 
4178 1.222657 
4179 1.137333 
4180 0.975828 
4181 1.019911 
4182 1.048186 
4183 1.068568 
4184 1.044724 
4185 1.121591 
4186 0.974010 
4187 1.247170 
4188 0.860557 
4189 1.237302 
4190 0.886472 
4191 0.870611 
4192 1.165290 
4193 0.893804 
4194 1.022212 
4195 0.862808 
4196 1.142121 
4197 1.130261 
4198 1.173076 
4199 0.819725 
4200 1.112432 
4201 0.973108 
4202 0.891147 
4203 1.154584 
4204 0.865813 
4205 0.824693 
4206 1.131350 
4207 1.064468 
4208 1.057165 
4209 1.074846 
4210 0.888615 
4211 1.097678 
4212 1.208367 
4213 0.787263 
4214 1.025383 
4215 1.036575 
4216 0.893927 
4217 0.974001 
4218 0.859450 
4219 0.871139 
4220 0.973366 
4221 0.897725 
4222 0.984668 
4223 0.940913 
4224 0.913185 
4225 1.045536 
4226 1.157872 
4227 0.889780 
4228 1.082198 
4229 0.929119 
4230 1.070712 
4231 1.046671 
4232 1.059377 
4233 0.801541 
4234 1.034229 
4235 1.095103 
4236 0.926704 
4237 1.014824 
4238 0.951125 
4239 1.243950 
4240 1.092516 
4241 0.909842 
4242 1.092637 
4243 1.250699 
4244 1.123405 
4245 0.879622 
4246 1.034114 
4247 1.007645 
4248 0.847220 
4249 1.034747 
4250 0.933591 
4251 0.874692 
4252 1.144748 
4253 1.002392 
4254 1.043136 
4255 1.039873 
4256 0.911189 
4257 0.922702 
4258 0.892908 
4259 1.092780 
4260 1.033593 
4261 0.847760 
4262 1.023205 
4263 0.883439 
4264 1.130271 
4265 0.959304 
4266 0.898035 
4267 0.863034 
4268 1.026546 
4269 1.158413 
4270 0.968346 
4271 1.280468 
4272 0.774587 
4273 0.945328 
4274 1.113072 
4275 1.037431 
4276 1.107616 
4277 1.124168 
4278 1.104648 
4279 1.006723 
4280 0.829436 
4281 1.071994 
4282 1.038539 
4283 1.068000 
4284 1.031356 
4285 1.082871 
4286 1.141782 
4287 0.997098 
4288 1.162696 
4289 1.054238 
4290 1.096309 
4291 1.020883 
4292 0.859577 
4293 0.753967 
4294 1.001759 
4295 1.000078 
4296 1.093865 
4297 0.900468 
4298 1.001196 
4299 1.115646 
4300 1.206490 
4301 0.805841 
4302 0.813872 
4303 0.984737 
4304 1.060787 
4305 0.996107 
4306 0.886079 
4307 0.962707 
4308 0.802783 
4309 0.996251 
4310 0.951325 
4311 0.834249 
4312 0.997184 
4313 1.040483 
4314 0.898053 
4315 1.004209 
4316 1.049021 
4317 1.103461 
4318 1.144717 
4319 1.028437 
4320 1.089815 
4321 0.829253 
4322 1.063523 
4323 1.010571 
4324 1.095547 
4325 1.052202 
4326 0.859016 
4327 0.918076 
4328 1.207549 
4329 0.940339 
4330 1.082197 
4331 1.057477 
4332 0.953550 
4333 0.931419 
4334 1.045346 
4335 0.956750 
4336 1.035801 
4337 0.924467 
4338 1.074174 
4339 1.083379 
4340 1.164708 
4341 1.061418 
4342 0.988774 
4343 1.271152 
4344 0.937992 
4345 0.867824 
4346 0.689653 
4347 1.089068 
4348 0.808786 
4349 1.087802 
4350 1.077481 
4351 0.944512 
4352 0.952064 
4353 0.873758 
4354 0.987593 
4355 0.885148 
4356 0.839630 
4357 0.976199 
4358 0.727244 
4359 1.105367 
4360 1.014987 
4361 0.941341 
4362 1.006035 
4363 1.092556 
4364 0.796533 
4365 1.009621 
4366 1.244690 
4367 0.956205 
4368 1.191121 
4369 1.004377 
4370 0.824001 
4371 1.146597 
4372 0.980157 
4373 1.042000 
4374 1.120560 
4375 1.002428 
4376 1.067729 
4377 0.981362 
4378 0.834954 
4379 0.936826 
4380 0.967354 
4381 1.130890 
4382 0.905923 
4383 1.038544 
4384 0.948465 
4385 1.023662 
4386 1.108852 
4387 0.870127 
4388 1.184015 
4389 1.126424 
4390 0.875704 
4391 0.870937 
4392 0.981177 
4393 1.036663 
4394 0.992986 
4395 1.014107 
4396 0.879228 
4397 0.900718 
4398 1.147062 
4399 0.887801 
4400 0.918828 
4401 1.042252 
4402 1.181121 
4403 0.997048 
4404 1.027557 
4405 0.884413 
4406 1.053589 
4407 1.173989 
4408 1.094155 
4409 0.739785 
4410 1.149277 
4411 1.075746 
4412 0.954477 
4413 1.061025 
4414 0.941481 
4415 0.876163 
4416 0.866965 
4417 1.169499 
4418 1.268330 
4419 0.986963 
4420 0.813611 
4421 0.887379 
4422 0.826371 
4423 1.065124 
4424 0.901426 
4425 0.945211 
4426 1.063523 
4427 1.046127 
4428 0.954452 
4429 1.127248 
4430 0.932359 
4431 1.033727 
4432 1.038518 
4433 0.898149 
4434 0.780489 
4435 0.943373 
4436 0.953522 
4437 0.950499 
4438 1.095883 
4439 0.828649 
4440 1.066179 
4441 0.983424 
4442 1.061778 
4443 1.082991 
4444 0.849994 
4445 1.033733 
4446 0.996557 
4447 0.959050 
4448 1.007612 
4449 1.010102 
4450 1.003847 
4451 1.027611 
4452 0.755831 
4453 0.761007 
4454 0.971321 
4455 0.968632 
4456 0.906121 
4457 1.075671 
4458 1.143874 
4459 1.053917 
4460 1.133973 
4461 1.036310 
4462 1.063523 
4463 1.033136 
4464 1.233520 
4465 1.085543 
4466 0.897971 
4467 0.900391 
4468 0.991174 
4469 1.254761 
4470 1.018633 
4471 0.868268 
4472 1.029344 
4473 1.042431 
4474 1.165025 
4475 1.096747 
4476 0.942134 
4477 1.042126 
4478 1.163082 
4479 1.083996 
4480 0.972043 
4481 0.853655 
4482 1.201528 
4483 0.942258 
4484 1.098668 
4485 0.876497 
4486 1.013664 
4487 1.160331 
4488 1.092698 
4489 1.087916 
4490 0.920670 
4491 1.195276 
4492 0.907670 
4493 0.941802 
4494 0.926069 
4495 0.913400 
4496 1.044861 
4497 0.953726 
4498 1.065924 
4499 0.932618 
4500 1.071406 
4501 1.076606 
4502 0.874618 
4503 0.979735 
4504 0.949536 
4505 1.221348 
4506 1.119654 
4507 0.888110 
4508 1.005106 
4509 0.878805 
4510 0.979942 
4511 1.262388 
4512 1.104077 
4513 0.908480 
4514 1.056064 
4515 1.014386 
4516 1.070827 
4517 1.085197 
4518 1.102627 
4519 0.870374 
4520 1.122012 
4521 0.875976 
4522 0.969425 
4523 1.201115 
4524 0.914483 
4525 0.891602 
4526 0.919803 
4527 0.844102 
4528 0.844091 
4529 0.941970 
4530 1.222941 
4531 1.285911 
4532 1.086668 
4533 1.008802 
4534 0.978178 
4535 1.108035 
4536 0.851114 
4537 0.810596 
4538 0.812961 
4539 1.223381 
4540 0.959634 
4541 1.228749 
4542 1.119690 
4543 0.873228 
4544 1.107305 
4545 1.004053 
4546 0.988599 
4547 1.011906 
4548 0.990470 
4549 0.842718 
4550 0.847771 
4551 1.130525 
4552 0.910162 
4553 1.118469 
4554 0.997860 
4555 0.912002 
4556 1.276847 
4557 0.865919 
4558 1.186614 
4559 1.075475 
4560 0.885584 
4561 1.099662 
4562 1.189740 
4563 0.961925 
4564 0.987889 
4565 0.946816 
4566 1.039610 
4567 0.969801 
4568 1.161415 
4569 1.018979 
4570 0.926853 
4571 0.900715 
4572 1.125280 
4573 0.991069 
4574 1.117006 
4575 0.967509 
4576 1.029392 
4577 0.937780 
4578 0.993855 
4579 0.944058 
4580 1.194145 
4581 1.262899 
4582 1.038104 
4583 1.168717 
4584 0.879698 
4585 1.138561 
4586 1.057200 
4587 0.859568 
4588 0.766483 
4589 0.888605 
4590 0.975200 
4591 0.808402 
4592 0.932437 
4593 1.028448 
4594 1.049061 
4595 1.043489 
4596 1.025568 
4597 0.849483 
4598 1.027439 
4599 1.007352 
4600 1.172919 
4601 1.064455 
4602 0.889091 
4603 0.899499 
4604 0.976031 
4605 0.942488 
4606 0.922086 
4607 0.989331 
4608 1.015397 
4609 0.992795 
4610 0.859896 
4611 0.879718 
4612 1.064760 
4613 1.104283 
4614 1.095140 
4615 0.975857 
4616 0.818402 
4617 0.948005 
4618 1.065750 
4619 1.063353 
4620 1.022999 
4621 0.911838 
4622 0.933480 
4623 0.948639 
4624 1.051770 
4625 1.148633 
4626 1.022477 
4627 0.755561 
4628 0.945011 
4629 0.932451 
4630 0.879282 
4631 0.960451 
4632 0.868432 
4633 0.923740 
4634 0.911291 
4635 1.170880 
4636 1.072061 
4637 1.025340 
4638 1.059291 
4639 1.001718 
4640 1.041595 
4641 1.193760 
4642 1.247357 
4643 0.991831 
4644 1.016425 
4645 1.101197 
4646 1.026125 
4647 1.025117 
4648 0.993861 
4649 0.920948 
4650 1.096698 
4651 1.043590 
4652 0.911311 
4653 1.147496 
4654 1.005450 
4655 1.164389 
4656 0.974615 
4657 1.030643 
4658 0.970932 
4659 0.910840 
4660 0.955162 
4661 1.032670 
4662 0.767312 
4663 0.876075 
4664 1.011642 
4665 1.205030 
4666 1.288697 
4667 0.938563 
4668 1.167306 
4669 1.037722 
4670 0.855971 
4671 1.091128 
4672 0.882973 
4673 1.090401 
4674 1.079993 
4675 1.015602 
4676 1.060369 
4677 1.109678 
4678 0.962654 
4679 0.906262 
4680 0.919636 
4681 1.090247 
4682 0.994963 
4683 0.934414 
4684 1.041355 
4685 1.252318 
4686 0.951295 
4687 0.989287 
4688 0.962868 
4689 0.926865 
4690 1.109256 
4691 1.009853 
4692 1.044127 
4693 1.060832 
4694 1.178714 
4695 1.028271 
4696 0.908808 
4697 0.920373 
4698 0.944469 
4699 1.016745 
4700 0.758765 
4701 1.058964 
4702 1.231136 
4703 1.021825 
4704 1.135521 
4705 1.020981 
4706 1.047766 
4707 0.855349 
4708 1.272164 
4709 0.997536 
4710 0.859215 
4711 0.972829 
4712 0.994057 
4713 1.132329 
4714 0.922193 
4715 0.973025 
4716 0.986240 
4717 1.084117 
4718 1.102379 
4719 0.807738 
4720 1.107558 
4721 1.040019 
4722 1.220513 
4723 0.986764 
4724 1.158904 
4725 1.020660 
4726 0.942707 
4727 0.988342 
4728 0.963814 
4729 0.881496 
4730 1.059988 
4731 1.022164 
4732 1.043975 
4733 0.937625 
4734 0.957365 
4735 1.089968 
4736 1.033270 
4737 0.968317 
4738 0.712847 
4739 1.130179 
4740 1.009309 
4741 0.926217 
4742 0.862644 
4743 0.933532 
4744 1.042449 
4745 0.916229 
4746 0.949387 
4747 1.060286 
4748 0.974151 
4749 0.954614 
4750 0.930475 
4751 0.922725 
4752 0.968333 
4753 0.932808 
4754 1.035216 
4755 1.129646 
4756 1.013694 
4757 0.956361 
4758 1.078109 
4759 1.126435 
4760 1.067738 
4761 0.918658 
4762 1.065353 
4763 1.123395 
4764 0.802312 
4765 0.944045 
4766 1.029060 
4767 1.003246 
4768 0.911714 
4769 1.039454 
4770 0.913919 
4771 0.773518 
4772 0.865426 
4773 1.064462 
4774 1.045703 
4775 0.795621 
4776 0.927126 
4777 1.210023 
4778 0.956187 
4779 1.168701 
4780 0.924643 
4781 0.838747 
4782 0.868470 
4783 0.955461 
4784 0.919784 
4785 0.957115 
4786 1.106907 
4787 1.057265 
4788 1.014330 
4789 0.949795 
4790 1.031307 
4791 0.849773 
4792 1.171166 
4793 1.068321 
4794 1.139718 
4795 0.830540 
4796 1.042879 
4797 0.996921 
4798 0.875582 
4799 1.166815 
4800 1.138538 
4801 1.018274 
4802 0.837143 
4803 1.036045 
4804 0.916390 
4805 1.080171 
4806 0.861086 
4807 0.957552 
4808 0.995654 
4809 1.038922 
4810 1.197942 
4811 0.967169 
4812 1.036792 
4813 1.132906 
4814 0.912897 
4815 0.897801 
4816 0.936046 
4817 1.051862 
4818 0.844960 
4819 0.987486 
4820 0.982829 
4821 1.110462 
4822 1.105682 
4823 0.921827 
4824 0.966349 
4825 1.174348 
4826 1.195319 
4827 1.096346 
4828 0.952944 
4829 1.003019 
4830 1.030835 
4831 1.054172 
4832 1.086385 
4833 1.137157 
4834 0.985794 
4835 1.256664 
4836 0.960726 
4837 0.924217 
4838 1.004512 
4839 1.070784 
4840 0.944369 
4841 1.156549 
4842 0.999384 
4843 0.962560 
4844 1.042976 
4845 1.003350 
4846 1.052009 
4847 0.872800 
4848 0.923934 
4849 0.892910 
4850 1.032324 
4851 0.809529 
4852 1.092601 
4853 1.025497 
4854 0.941833 
4855 0.999614 
4856 0.970867 
4857 1.185994 
4858 1.098627 
4859 1.069033 
4860 0.870215 
4861 1.123721 
4862 0.961432 
4863 0.936230 
4864 0.896495 
4865 0.990388 
4866 0.955099 
4867 1.095744 
4868 1.073824 
4869 1.065115 
4870 0.987921 
4871 1.111457 
4872 1.113062 
4873 1.028405 
4874 0.778163 
4875 0.956341 
4876 1.075095 
4877 0.870787 
4878 1.023876 
4879 1.042339 
4880 0.900866 
4881 0.822244 
4882 0.840941 
4883 0.968205 
4884 0.879588 
4885 0.995112 
4886 1.102563 
4887 1.039307 
4888 1.106836 
4889 0.994842 
4890 0.820052 
4891 1.067319 
4892 1.012792 
4893 0.970186 
4894 0.988181 
4895 1.168073 
4896 1.016403 
4897 1.156556 
4898 1.182183 
4899 0.999129 
4900 1.039691 
4901 1.016687 
4902 0.954108 
4903 1.004083 
4904 0.839165 
4905 0.917490 
4906 0.935994 
4907 0.853866 
4908 1.004561 
4909 1.145343 
4910 1.075781 
4911 0.849526 
4912 1.022553 
4913 1.114183 
4914 0.809107 
4915 0.838740 
4916 1.153518 
4917 1.043946 
4918 0.698902 
4919 1.193631 
4920 0.893566 
4921 0.949998 
4922 1.054578 
4923 0.940971 
4924 1.006565 
4925 0.748350 
4926 0.954093 
4927 1.016203 
4928 1.038423 
4929 0.988877 
4930 0.942611 
4931 1.074980 
4932 1.116735 
4933 0.904605 
4934 0.986534 
4935 0.989096 
4936 0.981877 
4937 0.928720 
4938 0.926524 
4939 0.961526 
4940 1.078107 
4941 0.882837 
4942 1.131890 
4943 1.014916 
4944 0.968178 
4945 0.946013 
4946 1.088553 
4947 1.180212 
4948 0.883879 
4949 1.053548 
4950 0.915589 
4951 0.939335 
4952 1.183183 
4953 1.153856 
4954 0.975896 
4955 1.015023 
4956 1.024107 
4957 1.151165 
4958 1.201522 
4959 0.926996 
4960 0.999251 
4961 1.012701 
4962 1.087204 
4963 0.890168 
4964 1.024113 
4965 1.305299 
4966 0.958701 
4967 0.947958 
4968 1.042576 
4969 0.970609 
4970 0.834353 
4971 0.944982 
4972 0.941209 
4973 1.093372 
4974 0.989720 
4975 1.242215 
4976 1.005300 
4977 1.075925 
4978 0.914825 
4979 1.178688 
4980 0.933221 
4981 1.117518 
4982 1.139315 
4983 1.010913 
4984 1.220742 
4985 0.992016 
4986 0.878695 
4987 0.891766 
4988 1.134761 
4989 0.832215 
4990 1.174579 
4991 0.910206 
4992 0.964345 
4993 0.995359 
4994 0.866741 
4995 0.952173 
4996 1.033462 
4997 1.143618 
4998 0.827282 
4999 0.918294 
