0 0.688934 
1 1.192471 
2 0.888820 
3 0.905352 
4 0.885501 
5 1.023062 
6 1.001940 
7 1.046795 
8 0.782115 
9 1.043549 
10 1.145634 
11 1.221339 
12 1.128959 
13 1.123792 
14 0.945752 
15 1.043406 
16 0.979828 
17 1.186653 
18 1.057978 
19 1.252311 
20 0.993636 
21 0.731385 
22 0.971112 
23 0.908741 
24 0.987023 
25 1.017152 
26 0.916310 
27 0.890858 
28 0.885544 
29 0.705262 
30 1.202651 
31 1.030239 
32 0.910728 
33 0.995777 
34 0.837667 
35 0.975284 
36 0.951282 
37 0.815385 
38 1.028286 
39 1.185981 
40 0.981748 
41 1.034950 
42 1.138289 
43 1.285831 
44 0.829056 
45 1.136717 
46 1.035261 
47 0.974876 
48 0.781267 
49 0.786202 
50 1.084120 
51 1.035934 
52 0.657985 
53 0.961910 
54 0.656480 
55 0.999634 
56 0.874203 
57 0.912786 
58 1.072272 
59 1.027314 
60 1.061214 
61 0.855691 
62 1.201317 
63 0.781969 
64 0.766201 
65 0.997279 
66 1.139052 
67 1.159330 
68 0.840700 
69 0.987717 
70 1.005833 
71 1.083272 
72 1.018934 
73 1.192061 
74 1.235827 
75 0.821905 
76 1.027555 
77 1.220184 
78 1.340692 
79 1.002230 
80 1.171653 
81 1.147608 
82 0.918558 
83 0.968684 
84 1.013881 
85 1.020313 
86 0.885261 
87 0.904637 
88 0.916748 
89 0.843491 
90 1.208499 
91 0.911671 
92 0.943449 
93 0.971021 
94 1.045114 
95 1.320139 
96 0.753493 
97 1.116740 
98 1.186725 
99 0.905586 
100 0.822932 
101 0.836192 
102 0.924977 
103 0.946731 
104 1.209737 
105 1.036627 
106 1.111182 
107 1.163598 
108 0.876949 
109 0.922792 
110 1.011264 
111 1.164072 
112 0.709642 
113 1.080417 
114 0.928282 
115 0.840432 
116 0.865088 
117 1.043565 
118 1.378970 
119 1.097938 
120 1.059367 
121 0.847300 
122 0.813189 
123 0.846536 
124 1.096138 
125 0.910269 
126 1.218497 
127 0.735744 
128 0.917806 
129 1.045290 
130 0.993048 
131 0.970667 
132 1.030225 
133 1.011231 
134 1.178107 
135 1.018290 
136 0.920039 
137 0.953455 
138 0.944848 
139 1.199158 
140 0.816498 
141 0.973007 
142 1.272764 
143 0.928543 
144 1.051996 
145 0.923397 
146 0.992852 
147 1.050694 
148 1.028837 
149 0.916604 
150 0.784213 
151 1.193182 
152 0.910287 
153 0.973570 
154 1.046728 
155 0.818361 
156 1.127937 
157 1.149481 
158 1.037533 
159 1.024595 
160 0.809342 
161 1.189698 
162 1.063669 
163 1.073932 
164 0.891303 
165 1.167591 
166 0.774402 
167 1.088067 
168 1.042348 
169 0.864596 
170 0.711864 
171 1.063134 
172 1.167881 
173 1.080431 
174 1.058395 
175 1.184022 
176 1.057289 
177 0.980368 
178 1.096314 
179 0.858831 
180 1.236798 
181 0.733634 
182 0.808684 
183 0.936133 
184 0.941376 
185 0.839672 
186 1.005320 
187 0.905920 
188 1.122241 
189 0.956295 
190 0.859653 
191 0.919169 
192 0.841182 
193 1.104618 
194 0.876456 
195 1.031029 
196 1.005060 
197 1.066366 
198 1.073084 
199 0.908432 
200 1.032921 
201 1.106197 
202 0.772660 
203 0.939191 
204 1.043543 
205 0.976686 
206 0.786569 
207 1.042873 
208 1.092404 
209 1.053819 
210 1.272853 
211 1.003018 
212 0.980964 
213 0.921922 
214 1.207330 
215 0.808459 
216 0.987458 
217 1.216542 
218 1.023917 
219 0.647750 
220 0.992928 
221 1.067296 
222 1.128257 
223 0.956162 
224 1.104312 
225 0.868156 
226 1.164812 
227 0.994596 
228 0.720668 
229 1.009244 
230 1.159028 
231 0.977747 
232 1.187759 
233 0.655833 
234 1.162310 
235 1.320051 
236 1.202628 
237 0.935283 
238 1.130795 
239 1.283781 
240 1.032248 
241 0.897259 
242 0.830825 
243 1.101669 
244 0.937147 
245 0.710270 
246 0.915269 
247 1.107540 
248 1.156606 
249 0.973328 
250 1.024996 
251 1.174420 
252 1.031696 
253 0.924965 
254 0.959636 
255 1.213827 
256 1.040191 
257 0.769530 
258 0.897504 
259 1.069989 
260 0.931897 
261 0.856913 
262 0.950086 
263 0.939678 
264 1.070358 
265 0.773779 
266 0.945467 
267 0.931118 
268 1.058725 
269 0.800039 
270 1.105545 
271 0.796027 
272 1.036500 
273 1.071716 
274 0.865360 
275 1.064390 
276 1.009046 
277 1.037642 
278 0.985071 
279 0.757780 
280 0.950991 
281 1.012003 
282 0.938429 
283 0.992887 
284 0.990280 
285 0.921137 
286 1.014017 
287 1.220748 
288 0.980710 
289 1.188419 
290 0.810968 
291 0.944863 
292 1.170978 
293 0.999889 
294 1.186968 
295 1.202476 
296 0.828439 
297 1.119365 
298 1.020789 
299 0.697785 
300 0.981900 
301 0.910213 
302 0.861874 
303 1.134457 
304 0.933783 
305 0.981785 
306 1.022225 
307 0.897639 
308 1.081572 
309 0.878018 
310 1.117085 
311 0.856734 
312 1.063780 
313 1.054329 
314 1.157847 
315 1.207536 
316 0.760439 
317 0.958066 
318 1.078772 
319 1.010173 
320 1.026652 
321 1.002613 
322 1.339286 
323 1.305671 
324 0.927903 
325 1.082018 
326 0.926688 
327 1.226048 
328 1.029336 
329 0.956468 
330 1.042649 
331 1.001339 
332 0.834984 
333 0.828010 
334 0.978270 
335 1.236469 
336 1.088939 
337 1.164434 
338 0.841017 
339 0.788783 
340 0.998731 
341 0.882864 
342 1.032032 
343 1.153206 
344 0.801259 
345 1.116251 
346 0.901190 
347 0.940030 
348 1.135570 
349 1.066954 
350 0.869237 
351 1.145288 
352 0.917351 
353 1.092480 
354 1.048665 
355 0.832590 
356 1.227560 
357 1.082485 
358 0.794708 
359 1.155410 
360 1.009426 
361 1.292592 
362 1.015187 
363 0.992642 
364 1.024201 
365 1.242821 
366 1.055448 
367 1.110207 
368 0.835318 
369 0.875505 
370 0.969407 
371 1.145894 
372 1.121759 
373 0.932439 
374 0.961138 
375 1.186761 
376 1.062839 
377 1.136760 
378 0.982285 
379 0.934872 
380 1.053455 
381 0.787282 
382 1.182950 
383 1.253190 
384 1.226990 
385 1.084486 
386 0.972076 
387 1.082655 
388 1.147661 
389 0.814406 
390 0.870650 
391 1.007761 
392 1.256637 
393 1.040073 
394 1.079024 
395 1.066523 
396 1.039380 
397 1.095100 
398 0.853953 
399 1.011473 
400 1.050050 
401 1.343117 
402 1.109639 
403 1.015935 
404 1.062289 
405 0.865990 
406 0.940348 
407 0.827291 
408 0.928343 
409 1.024507 
410 1.034359 
411 0.992710 
412 0.839318 
413 1.184130 
414 0.862827 
415 1.008100 
416 1.065132 
417 1.251652 
418 1.116381 
419 1.028935 
420 0.923389 
421 1.113387 
422 1.060786 
423 1.089732 
424 0.947484 
425 0.968540 
426 0.972321 
427 1.046353 
428 0.988722 
429 0.566017 
430 0.801062 
431 1.017338 
432 0.758825 
433 1.100230 
434 0.754587 
435 0.959935 
436 1.217418 
437 1.051635 
438 0.960355 
439 1.024931 
440 0.907219 
441 0.935938 
442 0.849827 
443 1.010630 
444 0.959615 
445 1.068674 
446 0.839098 
447 1.209573 
448 1.077844 
449 1.091034 
450 1.284040 
451 1.269155 
452 1.098971 
453 1.066058 
454 0.818704 
455 1.123946 
456 0.776340 
457 1.045356 
458 1.052456 
459 1.040176 
460 0.959949 
461 1.365901 
462 1.069383 
463 0.889211 
464 1.049606 
465 1.131153 
466 0.974704 
467 1.072634 
468 1.147550 
469 0.596351 
470 1.097497 
471 0.830060 
472 0.729824 
473 1.197676 
474 0.861769 
475 0.744340 
476 1.122360 
477 1.100710 
478 0.877130 
479 0.957421 
480 1.227662 
481 0.995132 
482 1.031901 
483 0.957930 
484 0.957296 
485 0.874190 
486 1.130966 
487 0.978657 
488 0.789710 
489 0.989702 
490 0.941656 
491 1.061655 
492 1.019889 
493 1.000068 
494 0.963487 
495 1.034491 
496 1.149071 
497 1.092169 
498 1.086588 
499 1.002431 
500 0.855161 
501 0.710352 
502 1.032451 
503 0.844268 
504 0.966888 
505 0.847007 
506 1.305552 
507 1.251225 
508 1.000880 
509 1.052800 
510 1.364942 
511 0.777356 
512 1.046022 
513 1.227106 
514 1.015030 
515 1.012304 
516 1.083098 
517 1.021730 
518 1.107005 
519 0.807940 
520 1.003220 
521 1.220126 
522 0.659303 
523 0.898566 
524 0.874308 
525 0.860633 
526 0.989325 
527 0.773468 
528 0.901896 
529 1.047840 
530 0.964611 
531 0.787635 
532 0.908790 
533 0.957538 
534 0.995687 
535 0.890407 
536 0.930690 
537 1.323070 
538 0.733072 
539 0.782097 
540 0.798086 
541 1.042771 
542 1.074917 
543 0.943771 
544 0.972345 
545 1.059991 
546 1.180019 
547 0.635436 
548 0.807985 
549 0.811109 
550 0.892612 
551 0.855950 
552 0.922984 
553 1.079225 
554 1.160803 
555 0.883295 
556 0.982014 
557 1.122295 
558 1.054455 
559 1.153460 
560 0.992067 
561 0.887766 
562 1.091923 
563 1.024454 
564 1.054871 
565 1.058278 
566 1.023090 
567 0.901121 
568 0.935517 
569 0.865072 
570 0.992928 
571 0.887500 
572 0.762182 
573 0.696545 
574 0.938648 
575 0.752239 
576 1.023702 
577 0.987268 
578 0.780881 
579 0.811929 
580 1.094753 
581 1.010610 
582 1.038009 
583 1.036392 
584 1.186799 
585 0.851275 
586 0.769998 
587 0.928934 
588 0.986769 
589 1.152408 
590 0.987869 
591 0.991081 
592 0.977848 
593 0.940555 
594 1.136956 
595 0.960015 
596 0.846663 
597 0.829279 
598 1.072383 
599 0.958226 
600 0.889828 
601 1.116323 
602 0.877638 
603 1.269072 
604 0.904618 
605 1.033095 
606 0.970969 
607 1.085278 
608 1.123339 
609 0.849623 
610 0.807753 
611 1.084060 
612 0.924975 
613 1.084736 
614 1.034716 
615 1.048901 
616 0.865364 
617 1.212586 
618 1.238470 
619 1.137995 
620 0.969084 
621 1.058390 
622 1.052604 
623 1.093545 
624 0.886690 
625 1.052523 
626 1.394536 
627 1.250161 
628 0.791461 
629 1.067779 
630 0.796091 
631 1.165556 
632 0.931527 
633 0.985817 
634 0.740757 
635 1.127308 
636 0.844957 
637 1.009205 
638 1.018609 
639 1.307489 
640 1.086846 
641 0.988236 
642 0.944557 
643 0.771065 
644 1.045438 
645 1.041933 
646 1.029473 
647 1.389901 
648 1.111890 
649 1.236954 
650 1.224444 
651 1.127206 
652 0.990002 
653 0.984568 
654 1.101020 
655 1.066202 
656 0.946686 
657 0.970032 
658 1.254631 
659 0.959834 
660 1.138275 
661 0.897135 
662 1.227273 
663 0.937326 
664 1.007057 
665 1.001379 
666 1.090557 
667 1.070337 
668 1.172048 
669 1.020925 
670 1.082405 
671 1.267955 
672 1.085410 
673 1.220861 
674 1.161318 
675 0.895350 
676 1.067293 
677 0.840887 
678 0.789634 
679 1.010281 
680 0.996471 
681 0.937304 
682 0.710777 
683 1.131939 
684 1.252892 
685 0.857475 
686 0.870517 
687 1.078997 
688 1.041814 
689 1.241877 
690 0.972606 
691 1.065282 
692 0.790949 
693 1.058918 
694 0.956441 
695 1.105155 
696 0.893651 
697 0.853716 
698 0.886613 
699 1.060720 
700 0.649780 
701 0.790392 
702 1.033064 
703 0.663834 
704 1.005782 
705 0.983810 
706 1.056454 
707 0.623906 
708 1.237855 
709 1.200491 
710 1.062426 
711 0.959886 
712 1.024484 
713 1.134468 
714 1.244193 
715 1.001411 
716 0.973282 
717 0.867045 
718 1.118793 
719 1.063128 
720 0.921596 
721 0.830522 
722 0.997986 
723 1.067961 
724 1.070246 
725 1.141344 
726 1.064548 
727 1.069217 
728 0.978581 
729 0.737866 
730 0.968978 
731 0.787626 
732 1.151553 
733 0.829613 
734 1.090460 
735 1.124240 
736 0.954767 
737 0.952679 
738 0.966452 
739 0.970132 
740 1.266514 
741 0.640709 
742 1.245406 
743 0.784259 
744 0.937184 
745 0.929878 
746 0.723481 
747 1.126413 
748 0.969611 
749 1.053031 
750 1.067950 
751 1.061760 
752 0.838066 
753 0.578481 
754 1.118993 
755 1.061022 
756 0.819232 
757 1.090452 
758 1.059534 
759 0.835769 
760 1.029086 
761 1.040282 
762 1.305541 
763 1.175004 
764 1.246075 
765 0.709792 
766 0.852651 
767 0.710181 
768 0.578169 
769 0.864781 
770 0.972656 
771 1.072280 
772 1.057043 
773 1.020603 
774 0.964089 
775 0.978768 
776 1.027881 
777 0.890974 
778 1.069835 
779 0.931325 
780 0.944922 
781 1.171798 
782 1.234527 
783 1.011259 
784 1.015246 
785 1.200879 
786 1.181390 
787 1.143326 
788 1.000067 
789 0.872886 
790 1.057614 
791 0.704519 
792 0.950283 
793 0.913066 
794 0.930928 
795 1.098805 
796 0.995079 
797 1.207542 
798 1.103716 
799 0.795688 
800 1.000601 
801 1.297174 
802 0.823674 
803 0.787918 
804 1.292096 
805 1.017223 
806 1.132500 
807 0.860808 
808 0.996532 
809 0.933660 
810 1.090187 
811 1.008008 
812 1.068657 
813 0.908008 
814 1.230616 
815 1.112468 
816 1.061561 
817 0.941689 
818 0.894492 
819 0.907709 
820 1.049320 
821 1.319894 
822 0.715309 
823 0.722194 
824 1.110950 
825 1.187096 
826 1.097888 
827 1.152517 
828 0.900060 
829 0.998991 
830 1.193323 
831 0.987349 
832 0.940831 
833 1.161697 
834 0.958038 
835 0.971153 
836 0.988688 
837 1.155759 
838 1.350746 
839 1.027799 
840 1.286787 
841 0.939531 
842 1.031912 
843 0.948552 
844 1.157867 
845 1.396256 
846 1.262251 
847 0.848844 
848 0.721040 
849 1.256648 
850 1.318104 
851 1.173450 
852 0.912176 
853 0.872301 
854 0.744389 
855 0.988564 
856 0.866043 
857 0.838374 
858 1.034446 
859 1.118382 
860 0.706476 
861 1.178899 
862 0.974772 
863 0.919498 
864 1.122083 
865 0.890823 
866 0.964674 
867 1.074883 
868 1.087697 
869 1.194179 
870 0.849667 
871 0.865128 
872 1.174140 
873 0.805150 
874 0.983757 
875 0.742827 
876 0.743396 
877 0.878588 
878 0.822978 
879 1.044497 
880 0.763123 
881 1.284523 
882 1.011693 
883 0.963572 
884 0.729573 
885 0.914193 
886 0.971775 
887 0.932378 
888 0.914203 
889 1.050182 
890 0.978070 
891 0.884225 
892 0.923765 
893 1.150927 
894 0.948608 
895 1.027561 
896 0.774271 
897 0.834646 
898 0.787177 
899 1.076393 
900 1.005939 
901 0.895045 
902 0.968928 
903 1.048680 
904 0.837688 
905 0.936631 
906 0.745367 
907 1.149721 
908 1.078301 
909 1.151588 
910 0.865152 
911 0.998140 
912 1.029183 
913 1.029554 
914 0.991899 
915 1.038905 
916 1.173341 
917 0.913698 
918 1.159343 
919 1.078073 
920 1.105749 
921 1.037705 
922 1.060133 
923 1.093872 
924 1.089081 
925 1.077031 
926 1.015073 
927 0.903776 
928 0.954041 
929 1.089306 
930 0.982941 
931 0.983559 
932 0.830146 
933 0.869534 
934 0.968761 
935 0.958121 
936 1.086194 
937 0.974367 
938 0.929964 
939 0.719888 
940 0.943120 
941 0.782607 
942 0.840084 
943 0.970162 
944 0.846414 
945 0.753391 
946 0.877191 
947 1.062592 
948 1.113533 
949 1.060051 
950 1.010727 
951 1.156483 
952 1.127944 
953 0.885072 
954 0.944430 
955 1.029472 
956 1.122439 
957 0.817107 
958 1.039730 
959 1.081878 
960 1.068959 
961 0.994952 
962 1.116019 
963 0.951608 
964 0.975986 
965 0.954056 
966 1.165430 
967 1.013151 
968 1.090023 
969 0.938373 
970 1.175097 
971 1.270184 
972 0.667389 
973 0.970625 
974 1.027048 
975 0.928743 
976 0.691555 
977 1.170998 
978 0.930758 
979 1.034401 
980 0.948311 
981 0.857812 
982 1.028976 
983 1.100400 
984 1.105444 
985 1.139236 
986 1.199825 
987 0.861232 
988 0.799079 
989 1.061088 
990 0.937279 
991 0.944045 
992 0.930699 
993 1.103695 
994 0.933833 
995 0.837544 
996 0.589575 
997 0.877829 
998 0.791996 
999 1.162849 
1000 0.840183 
1001 1.150369 
1002 0.878447 
1003 1.127690 
1004 1.162634 
1005 0.872911 
1006 0.853427 
1007 0.854692 
1008 0.847590 
1009 0.983181 
1010 1.077986 
1011 1.055803 
1012 1.138222 
1013 1.170763 
1014 1.054623 
1015 0.999333 
1016 0.807228 
1017 0.931952 
1018 1.144731 
1019 0.824419 
1020 1.003612 
1021 1.148452 
1022 0.952662 
1023 0.924973 
1024 0.994828 
1025 1.093590 
1026 1.070522 
1027 0.988861 
1028 0.952649 
1029 0.979929 
1030 0.971939 
1031 0.880342 
1032 1.023104 
1033 0.832622 
1034 1.101448 
1035 1.079126 
1036 1.283376 
1037 0.683915 
1038 1.149747 
1039 1.000492 
1040 1.047277 
1041 0.931504 
1042 1.136857 
1043 1.151299 
1044 1.184228 
1045 0.924299 
1046 1.079507 
1047 1.074404 
1048 0.743214 
1049 1.202420 
1050 1.186420 
1051 1.027428 
1052 1.012131 
1053 0.885349 
1054 0.956536 
1055 0.757599 
1056 0.766274 
1057 0.892530 
1058 0.854609 
1059 1.027821 
1060 1.011328 
1061 1.075778 
1062 1.063865 
1063 0.862653 
1064 1.116134 
1065 0.932666 
1066 1.039755 
1067 0.629114 
1068 0.771932 
1069 1.015525 
1070 1.135606 
1071 1.043174 
1072 1.162606 
1073 0.957944 
1074 1.028723 
1075 0.820973 
1076 0.767572 
1077 1.299181 
1078 0.984491 
1079 0.834234 
1080 0.821527 
1081 0.868596 
1082 1.021090 
1083 0.970286 
1084 1.077599 
1085 1.022964 
1086 1.081459 
1087 1.211267 
1088 0.801948 
1089 1.072216 
1090 0.894046 
1091 1.344379 
1092 1.087203 
1093 1.348151 
1094 1.094460 
1095 0.914605 
1096 0.999227 
1097 0.945130 
1098 1.218594 
1099 0.842315 
1100 1.144725 
1101 0.859479 
1102 1.251393 
1103 0.901266 
1104 1.177953 
1105 1.059163 
1106 0.859800 
1107 0.937806 
1108 1.098912 
1109 0.842130 
1110 0.771537 
1111 1.145770 
1112 1.036398 
1113 0.919782 
1114 1.033896 
1115 0.780514 
1116 0.964220 
1117 0.848428 
1118 0.938891 
1119 0.799582 
1120 0.805957 
1121 0.962385 
1122 0.957616 
1123 1.097131 
1124 0.971226 
1125 0.969813 
1126 1.260727 
1127 1.026144 
1128 0.815613 
1129 0.933463 
1130 1.010485 
1131 0.635063 
1132 1.167206 
1133 0.980296 
1134 1.231842 
1135 1.228692 
1136 0.943437 
1137 1.200196 
1138 0.739188 
1139 1.170957 
1140 0.999137 
1141 0.834470 
1142 1.195711 
1143 1.092421 
1144 0.784473 
1145 0.910573 
1146 1.059526 
1147 1.259081 
1148 0.950949 
1149 0.773515 
1150 1.261027 
1151 1.010334 
1152 1.152125 
1153 1.090110 
1154 1.101710 
1155 1.060873 
1156 0.982622 
1157 1.051878 
1158 1.183324 
1159 0.995276 
1160 1.058309 
1161 0.902149 
1162 1.095202 
1163 1.139697 
1164 0.971732 
1165 1.189986 
1166 0.882335 
1167 0.898856 
1168 0.962242 
1169 0.964305 
1170 0.914163 
1171 0.864204 
1172 1.088934 
1173 1.136411 
1174 1.291318 
1175 1.057798 
1176 0.754611 
1177 1.105189 
1178 1.053430 
1179 1.265310 
1180 0.598029 
1181 1.117495 
1182 0.927782 
1183 1.052015 
1184 0.898699 
1185 0.961794 
1186 1.291681 
1187 0.910706 
1188 1.022019 
1189 1.063264 
1190 0.961158 
1191 0.828487 
1192 0.930005 
1193 1.129548 
1194 1.165078 
1195 0.904788 
1196 1.263073 
1197 0.987241 
1198 1.017556 
1199 0.583512 
1200 0.918513 
1201 1.008687 
1202 1.153952 
1203 1.115146 
1204 1.204949 
1205 0.917818 
1206 0.882465 
1207 1.065520 
1208 1.183200 
1209 1.105588 
1210 0.986656 
1211 0.943323 
1212 0.905843 
1213 1.070031 
1214 1.114053 
1215 0.768133 
1216 0.927033 
1217 1.068130 
1218 1.141793 
1219 0.965392 
1220 0.979289 
1221 0.859913 
1222 1.064995 
1223 0.678674 
1224 0.895057 
1225 1.022556 
1226 1.030870 
1227 1.016487 
1228 0.908294 
1229 1.297817 
1230 1.048987 
1231 0.946030 
1232 0.863140 
1233 1.043891 
1234 0.976413 
1235 1.085600 
1236 0.987477 
1237 0.963326 
1238 1.013735 
1239 0.989249 
1240 0.939216 
1241 1.297483 
1242 1.014215 
1243 1.297019 
1244 1.008999 
1245 1.216411 
1246 1.106854 
1247 1.268146 
1248 1.016420 
1249 1.054852 
1250 1.073245 
1251 0.940870 
1252 0.977335 
1253 0.980970 
1254 0.984393 
1255 1.082673 
1256 1.073133 
1257 1.138983 
1258 0.954037 
1259 1.000661 
1260 1.048504 
1261 0.914207 
1262 0.958262 
1263 0.738725 
1264 0.961686 
1265 1.066863 
1266 0.997199 
1267 0.802326 
1268 1.230960 
1269 1.066161 
1270 1.407562 
1271 1.016434 
1272 0.986492 
1273 0.971648 
1274 1.051841 
1275 0.979684 
1276 1.047322 
1277 0.932549 
1278 0.925729 
1279 0.819176 
1280 0.849946 
1281 1.067323 
1282 0.924513 
1283 0.874515 
1284 0.975775 
1285 0.902782 
1286 1.054099 
1287 0.971011 
1288 1.060570 
1289 1.122342 
1290 0.978547 
1291 1.202876 
1292 0.891442 
1293 1.162940 
1294 0.688370 
1295 1.257236 
1296 1.125163 
1297 0.964059 
1298 1.072614 
1299 0.954339 
1300 0.973999 
1301 1.045425 
1302 1.152574 
1303 0.925667 
1304 0.957556 
1305 1.172879 
1306 1.178985 
1307 1.413825 
1308 1.278502 
1309 1.089296 
1310 1.230422 
1311 1.225984 
1312 1.145153 
1313 0.960255 
1314 1.072945 
1315 0.971355 
1316 0.966223 
1317 0.997180 
1318 1.021206 
1319 0.840986 
1320 1.022757 
1321 1.172903 
1322 0.979648 
1323 1.134279 
1324 0.801636 
1325 0.731191 
1326 0.738951 
1327 0.683133 
1328 0.901579 
1329 1.348606 
1330 0.700945 
1331 0.906824 
1332 1.139932 
1333 1.133198 
1334 0.948541 
1335 0.985313 
1336 1.120257 
1337 0.807847 
1338 0.889586 
1339 0.889283 
1340 0.905194 
1341 1.053992 
1342 0.864569 
1343 1.018296 
1344 0.899223 
1345 0.929210 
1346 0.981393 
1347 0.964976 
1348 1.086644 
1349 1.072375 
1350 0.945070 
1351 1.158733 
1352 1.344594 
1353 1.018783 
1354 0.780204 
1355 1.041233 
1356 1.012194 
1357 1.001531 
1358 1.073263 
1359 0.973158 
1360 1.004400 
1361 0.840758 
1362 1.255235 
1363 1.083820 
1364 0.930419 
1365 0.750198 
1366 1.038496 
1367 0.792444 
1368 1.003340 
1369 1.085596 
1370 1.011072 
1371 1.183593 
1372 1.037684 
1373 0.694464 
1374 1.247728 
1375 0.909994 
1376 1.187614 
1377 1.226747 
1378 1.010808 
1379 0.906123 
1380 1.018983 
1381 0.954198 
1382 0.948200 
1383 1.110564 
1384 0.974381 
1385 1.173692 
1386 1.129367 
1387 1.114978 
1388 0.991158 
1389 1.164564 
1390 0.922289 
1391 1.216985 
1392 0.860974 
1393 1.151772 
1394 1.006440 
1395 1.015631 
1396 0.805659 
1397 1.046358 
1398 1.017848 
1399 0.748626 
1400 0.958109 
1401 0.754659 
1402 0.938439 
1403 1.004009 
1404 0.881056 
1405 1.026941 
1406 0.839242 
1407 0.878934 
1408 0.937210 
1409 0.949222 
1410 1.099474 
1411 1.023432 
1412 1.103574 
1413 1.161564 
1414 0.706603 
1415 0.963951 
1416 0.795684 
1417 1.196101 
1418 0.954686 
1419 1.341029 
1420 0.768547 
1421 0.884462 
1422 1.253507 
1423 1.212542 
1424 1.227565 
1425 0.953801 
1426 0.805241 
1427 1.061145 
1428 0.725579 
1429 0.916705 
1430 1.070061 
1431 1.026150 
1432 1.150207 
1433 1.183680 
1434 0.908895 
1435 1.153006 
1436 0.921370 
1437 0.974060 
1438 0.798822 
1439 0.671990 
1440 0.969820 
1441 1.237066 
1442 0.768474 
1443 1.228626 
1444 0.962421 
1445 1.269335 
1446 1.059956 
1447 0.883806 
1448 0.832027 
1449 0.959559 
1450 1.234967 
1451 0.991097 
1452 0.716967 
1453 0.980815 
1454 1.057280 
1455 1.036825 
1456 0.917933 
1457 0.980662 
1458 1.033398 
1459 0.846390 
1460 0.774672 
1461 0.907803 
1462 0.957255 
1463 0.913426 
1464 1.077972 
1465 0.876240 
1466 1.033128 
1467 1.138893 
1468 0.886615 
1469 0.805744 
1470 1.005372 
1471 1.101643 
1472 1.073504 
1473 0.907576 
1474 1.051978 
1475 1.101551 
1476 0.854636 
1477 1.146726 
1478 1.227705 
1479 0.759167 
1480 0.991354 
1481 1.225979 
1482 1.275712 
1483 0.982283 
1484 0.786328 
1485 1.055371 
1486 0.988779 
1487 0.795077 
1488 1.031007 
1489 0.882009 
1490 1.200732 
1491 1.250082 
1492 1.047826 
1493 0.808780 
1494 0.961356 
1495 0.934590 
1496 0.959733 
1497 0.798019 
1498 0.932249 
1499 0.690633 
1500 1.032562 
1501 1.242214 
1502 0.847157 
1503 0.813449 
1504 1.067116 
1505 0.944926 
1506 0.814215 
1507 0.969987 
1508 1.074793 
1509 1.177476 
1510 0.899951 
1511 0.735612 
1512 1.289460 
1513 1.014324 
1514 0.629551 
1515 1.024794 
1516 1.230095 
1517 0.868420 
1518 1.139826 
1519 1.277459 
1520 0.704577 
1521 0.880938 
1522 1.308269 
1523 1.067792 
1524 1.033101 
1525 0.878976 
1526 0.996578 
1527 1.091995 
1528 0.940816 
1529 0.930366 
1530 0.855509 
1531 1.007042 
1532 0.833598 
1533 0.952310 
1534 1.202327 
1535 1.016806 
1536 1.112977 
1537 1.119109 
1538 0.931693 
1539 1.185229 
1540 1.194016 
1541 1.060384 
1542 1.044382 
1543 0.944261 
1544 0.878155 
1545 1.127958 
1546 1.009167 
1547 1.077458 
1548 1.086128 
1549 0.922512 
1550 0.840380 
1551 0.969996 
1552 1.018378 
1553 1.129244 
1554 1.045751 
1555 0.937664 
1556 0.973908 
1557 0.980214 
1558 0.972727 
1559 0.853797 
1560 1.014999 
1561 0.639834 
1562 1.021760 
1563 1.128302 
1564 0.799990 
1565 0.965773 
1566 0.989163 
1567 1.017860 
1568 0.966194 
1569 1.066249 
1570 0.925624 
1571 0.934633 
1572 1.284817 
1573 1.139759 
1574 0.922280 
1575 0.785052 
1576 0.830047 
1577 1.032858 
1578 1.281572 
1579 0.939633 
1580 0.995110 
1581 1.000451 
1582 1.057143 
1583 1.131691 
1584 1.011220 
1585 1.118476 
1586 0.997590 
1587 1.107659 
1588 0.859161 
1589 0.978901 
1590 0.832745 
1591 0.923901 
1592 0.911447 
1593 1.065028 
1594 1.121974 
1595 1.078535 
1596 1.188327 
1597 0.739764 
1598 0.809471 
1599 1.015634 
1600 1.001597 
1601 0.951443 
1602 0.941579 
1603 1.051132 
1604 0.989257 
1605 1.048539 
1606 1.173792 
1607 1.032646 
1608 1.286768 
1609 0.859369 
1610 1.028083 
1611 1.235498 
1612 1.159353 
1613 0.817750 
1614 1.113926 
1615 0.857940 
1616 0.846786 
1617 0.845104 
1618 0.832433 
1619 0.925175 
1620 0.932534 
1621 1.147593 
1622 0.812780 
1623 1.113708 
1624 0.978374 
1625 0.810170 
1626 1.088604 
1627 0.957738 
1628 0.907572 
1629 1.258611 
1630 1.069352 
1631 1.029927 
1632 0.912753 
1633 1.048865 
1634 0.935773 
1635 0.880901 
1636 1.100360 
1637 0.890340 
1638 0.780352 
1639 0.971604 
1640 1.093605 
1641 1.139022 
1642 0.848757 
1643 0.851423 
1644 0.984045 
1645 1.239268 
1646 1.001947 
1647 1.220816 
1648 1.063861 
1649 0.885495 
1650 0.910676 
1651 0.879074 
1652 0.835799 
1653 1.040629 
1654 1.042384 
1655 0.893146 
1656 1.129310 
1657 0.801329 
1658 0.760133 
1659 0.872059 
1660 0.891931 
1661 1.198861 
1662 1.007638 
1663 1.173753 
1664 0.820848 
1665 1.198937 
1666 1.008297 
1667 0.947541 
1668 0.844070 
1669 1.196435 
1670 1.030642 
1671 1.051686 
1672 0.968290 
1673 0.919155 
1674 1.175466 
1675 1.036851 
1676 0.838119 
1677 1.090856 
1678 1.009753 
1679 0.906044 
1680 0.971642 
1681 0.950745 
1682 1.183036 
1683 0.926900 
1684 0.969208 
1685 1.140664 
1686 1.123737 
1687 1.080406 
1688 0.934919 
1689 0.759024 
1690 1.247875 
1691 1.135827 
1692 1.197626 
1693 1.144977 
1694 1.151497 
1695 1.028422 
1696 0.640425 
1697 0.871551 
1698 1.083241 
1699 0.894508 
1700 0.872867 
1701 1.036271 
1702 0.833137 
1703 1.004534 
1704 1.393454 
1705 1.091182 
1706 0.930351 
1707 0.689839 
1708 1.148005 
1709 0.964658 
1710 1.086610 
1711 1.111038 
1712 0.806798 
1713 1.190506 
1714 0.785030 
1715 0.993448 
1716 0.999731 
1717 0.986280 
1718 1.069934 
1719 0.749592 
1720 1.003299 
1721 1.002717 
1722 1.177653 
1723 0.842148 
1724 1.055990 
1725 0.995779 
1726 0.794537 
1727 1.078771 
1728 0.925255 
1729 1.056614 
1730 0.936109 
1731 1.168153 
1732 0.890985 
1733 1.004115 
1734 0.855528 
1735 1.095446 
1736 0.794005 
1737 1.144399 
1738 0.935271 
1739 0.876538 
1740 1.073502 
1741 1.015677 
1742 0.917184 
1743 0.939373 
1744 1.103777 
1745 0.941261 
1746 0.938105 
1747 1.125901 
1748 0.776699 
1749 1.037688 
1750 1.004300 
1751 0.938595 
1752 0.904786 
1753 1.047050 
1754 0.961866 
1755 0.895699 
1756 0.946634 
1757 1.189423 
1758 1.072410 
1759 1.150484 
1760 0.903212 
1761 1.092123 
1762 1.205355 
1763 0.825829 
1764 1.114717 
1765 1.193522 
1766 1.080253 
1767 1.145298 
1768 1.108589 
1769 1.114686 
1770 1.161094 
1771 1.202268 
1772 1.192054 
1773 1.143596 
1774 0.901860 
1775 1.046176 
1776 1.157906 
1777 0.842731 
1778 0.805342 
1779 1.107925 
1780 1.030062 
1781 0.947172 
1782 0.618584 
1783 1.026904 
1784 1.023140 
1785 1.122148 
1786 1.054583 
1787 1.019503 
1788 1.069548 
1789 1.109647 
1790 0.906416 
1791 0.889682 
1792 1.247304 
1793 1.014759 
1794 0.949367 
1795 1.175301 
1796 0.954006 
1797 1.042029 
1798 1.233683 
1799 1.014765 
1800 1.062220 
1801 0.834673 
1802 1.001795 
1803 1.231245 
1804 1.251961 
1805 1.214772 
1806 1.086558 
1807 0.983479 
1808 1.186683 
1809 1.170057 
1810 0.649447 
1811 0.930773 
1812 0.842821 
1813 0.837695 
1814 1.097249 
1815 1.351432 
1816 0.738607 
1817 0.878406 
1818 0.918612 
1819 0.894484 
1820 0.983789 
1821 1.026145 
1822 0.962890 
1823 1.477131 
1824 1.040150 
1825 0.905864 
1826 0.921755 
1827 1.040161 
1828 0.815108 
1829 1.158698 
1830 0.868319 
1831 0.968799 
1832 1.207615 
1833 1.027998 
1834 1.009401 
1835 0.955183 
1836 0.923880 
1837 0.889210 
1838 1.028821 
1839 1.021756 
1840 0.958563 
1841 1.140640 
1842 0.945305 
1843 1.088366 
1844 0.803804 
1845 1.369536 
1846 0.683581 
1847 0.998615 
1848 1.084525 
1849 0.913156 
1850 0.861278 
1851 1.341948 
1852 0.730691 
1853 1.222416 
1854 1.096363 
1855 0.920344 
1856 0.827038 
1857 1.108817 
1858 0.922619 
1859 0.986629 
1860 0.969173 
1861 0.993761 
1862 1.212365 
1863 0.832729 
1864 0.960751 
1865 1.177007 
1866 0.835164 
1867 1.122208 
1868 1.086769 
1869 0.966011 
1870 1.095218 
1871 1.050384 
1872 0.991801 
1873 1.222925 
1874 1.000788 
1875 1.097027 
1876 0.932404 
1877 1.013483 
1878 1.027436 
1879 0.920863 
1880 0.857253 
1881 1.033549 
1882 1.003183 
1883 1.013865 
1884 0.843795 
1885 0.893672 
1886 0.999926 
1887 1.044724 
1888 0.992563 
1889 0.860939 
1890 1.098072 
1891 0.766674 
1892 1.013934 
1893 0.803880 
1894 0.947527 
1895 1.147672 
1896 0.911140 
1897 1.070487 
1898 0.796155 
1899 1.119123 
1900 0.904910 
1901 0.982096 
1902 0.975925 
1903 0.868961 
1904 1.017372 
1905 1.093553 
1906 0.926687 
1907 0.772025 
1908 0.781623 
1909 1.046729 
1910 1.011293 
1911 0.980424 
1912 1.121104 
1913 1.025601 
1914 1.064784 
1915 0.847971 
1916 1.181758 
1917 0.680573 
1918 0.944031 
1919 0.976670 
1920 1.063795 
1921 1.131490 
1922 1.143969 
1923 1.007228 
1924 1.073102 
1925 0.993111 
1926 0.755236 
1927 0.726393 
1928 1.047378 
1929 0.955367 
1930 1.099525 
1931 1.189987 
1932 1.107549 
1933 1.071937 
1934 1.132901 
1935 1.115420 
1936 0.787344 
1937 0.856793 
1938 0.895521 
1939 1.019491 
1940 1.052632 
1941 1.073636 
1942 1.099660 
1943 0.821116 
1944 0.964872 
1945 0.992237 
1946 0.926326 
1947 1.270857 
1948 0.958431 
1949 1.056444 
1950 0.691096 
1951 0.849564 
1952 0.937686 
1953 0.971399 
1954 1.253320 
1955 1.141063 
1956 0.792617 
1957 0.906002 
1958 1.028074 
1959 1.067552 
1960 0.891300 
1961 1.169928 
1962 1.193949 
1963 0.971372 
1964 0.850871 
1965 0.869703 
1966 1.262394 
1967 0.997038 
1968 1.083934 
1969 0.826731 
1970 0.861355 
1971 0.936942 
1972 0.537090 
1973 0.914031 
1974 0.837948 
1975 1.244024 
1976 1.024494 
1977 0.908180 
1978 0.938429 
1979 0.900578 
1980 1.025026 
1981 1.300581 
1982 0.844383 
1983 1.241567 
1984 0.897286 
1985 0.999066 
1986 0.993026 
1987 1.093791 
1988 0.932404 
1989 0.768521 
1990 0.978252 
1991 1.101292 
1992 1.016276 
1993 0.884199 
1994 0.945824 
1995 1.067505 
1996 1.170105 
1997 0.945983 
1998 1.127052 
1999 1.054568 
