0 1.018621 
1 1.119358 
2 0.979574 
3 0.939148 
4 0.982533 
5 1.030156 
6 0.974426 
7 1.092015 
8 0.937836 
9 0.903102 
10 0.975230 
11 1.203543 
12 1.068280 
13 0.937963 
14 0.803617 
15 1.044186 
16 1.165584 
17 0.978318 
18 1.041104 
19 1.047214 
20 1.003220 
21 0.949836 
22 1.119184 
23 0.980371 
24 1.017475 
25 1.029590 
26 0.888435 
27 0.920656 
28 1.132986 
29 0.856199 
30 1.063749 
31 0.957954 
32 1.006205 
33 0.944158 
34 1.009731 
35 0.943276 
36 1.056903 
37 0.876865 
38 0.845552 
39 1.095438 
40 0.830048 
41 1.185608 
42 0.885720 
43 1.106135 
44 1.011808 
45 0.936334 
46 1.043694 
47 1.006604 
48 0.898811 
49 0.836038 
50 1.081318 
51 1.071953 
52 0.911253 
53 1.025945 
54 0.857818 
55 1.017561 
56 0.924020 
57 0.849413 
58 1.066778 
59 1.051150 
60 1.027090 
61 1.014797 
62 1.129709 
63 1.097788 
64 0.810999 
65 0.946910 
66 1.080278 
67 0.996865 
68 0.996430 
69 0.905887 
70 0.946322 
71 1.026735 
72 0.961663 
73 1.047329 
74 1.181018 
75 0.863450 
76 1.004185 
77 1.110462 
78 1.183011 
79 1.231297 
80 0.935481 
81 1.187467 
82 1.011808 
83 1.016301 
84 0.985968 
85 1.059094 
86 1.036731 
87 0.932406 
88 0.901970 
89 0.844349 
90 0.909685 
91 0.999439 
92 0.909268 
93 1.092293 
94 0.885604 
95 1.139266 
96 0.854069 
97 1.281110 
98 1.118552 
99 1.036669 
100 0.925847 
101 1.090027 
102 1.061607 
103 1.017568 
104 1.239524 
105 0.797708 
106 1.059400 
107 1.040189 
108 0.812674 
109 0.922457 
110 1.034372 
111 0.966916 
112 0.924449 
113 1.004098 
114 0.994908 
115 0.878648 
116 0.772877 
117 1.139664 
118 1.164416 
119 1.024043 
120 1.032163 
121 1.044707 
122 1.006737 
123 0.985192 
124 1.104487 
125 0.953949 
126 1.136116 
127 0.907275 
128 0.807002 
129 1.038325 
130 1.020233 
131 0.965082 
132 1.065079 
133 1.140426 
134 1.128659 
135 0.997147 
136 1.042757 
137 1.012963 
138 0.852360 
139 1.066859 
140 1.002387 
141 0.960682 
142 1.136678 
143 0.890644 
144 0.834381 
145 1.019400 
146 0.949502 
147 0.964668 
148 1.024064 
149 1.044785 
150 0.863128 
151 1.151071 
152 1.160116 
153 0.909675 
154 1.181774 
155 1.094372 
156 1.172667 
157 1.065457 
158 0.999386 
159 1.135934 
160 0.819947 
161 1.165367 
162 0.943584 
163 0.923889 
164 0.820379 
165 1.074861 
166 0.970393 
167 0.908083 
168 0.966441 
169 0.683256 
170 0.768456 
171 1.056072 
172 0.963704 
173 1.035567 
174 1.169531 
175 0.964974 
176 1.097587 
177 0.963723 
178 1.035415 
179 1.005508 
180 1.145949 
181 0.755603 
182 0.860639 
183 0.996055 
184 0.910157 
185 0.868788 
186 0.982301 
187 0.806542 
188 1.054048 
189 0.996124 
190 0.976709 
191 0.855189 
192 0.989433 
193 0.992617 
194 0.949717 
195 0.931115 
196 1.008154 
197 0.890289 
198 1.105752 
199 0.947428 
200 0.846412 
201 1.120371 
202 0.915212 
203 0.949345 
204 0.899893 
205 1.077346 
206 0.821757 
207 0.975911 
208 0.972991 
209 1.104331 
210 1.226097 
211 0.939949 
212 1.003025 
213 1.074063 
214 1.049726 
215 0.994578 
216 0.937717 
217 1.169306 
218 0.824604 
219 0.786752 
220 0.936414 
221 1.145850 
222 1.004152 
223 0.946426 
224 0.969317 
225 0.910212 
226 1.150243 
227 0.962153 
228 0.884920 
229 1.086526 
230 1.155743 
231 1.040110 
232 0.896396 
233 0.929512 
234 1.093176 
235 1.314127 
236 0.998785 
237 1.006984 
238 0.981789 
239 0.979322 
240 1.110459 
241 0.984928 
242 0.919249 
243 0.958454 
244 1.077992 
245 0.690313 
246 0.980313 
247 1.164262 
248 1.099826 
249 0.870096 
250 1.174257 
251 1.110411 
252 0.958201 
253 1.072985 
254 1.049350 
255 1.080958 
256 1.164435 
257 0.895183 
258 0.997045 
259 1.050659 
260 0.942658 
261 1.068765 
262 0.902274 
263 0.790673 
264 0.941570 
265 0.853786 
266 0.869140 
267 0.965301 
268 1.013010 
269 0.873377 
270 1.038968 
271 0.940912 
272 1.047118 
273 0.978741 
274 0.976201 
275 1.015937 
276 0.881819 
277 1.119642 
278 1.029079 
279 0.974056 
280 0.906002 
281 1.049408 
282 0.925337 
283 1.033657 
284 0.924487 
285 0.953204 
286 1.150503 
287 1.052448 
288 0.994685 
289 1.060150 
290 1.030016 
291 0.868204 
292 1.134182 
293 1.177990 
294 1.149403 
295 0.977949 
296 0.901623 
297 1.020852 
298 1.056189 
299 0.784488 
300 1.135901 
301 1.036168 
302 1.071434 
303 0.962173 
304 1.008684 
305 1.006038 
306 1.073088 
307 0.950165 
308 0.968879 
309 0.818648 
310 0.981408 
311 1.076722 
312 1.079984 
313 1.013633 
314 1.002991 
315 1.122891 
316 1.060833 
317 0.872359 
318 1.068174 
319 1.146725 
320 0.991134 
321 1.061601 
322 1.095082 
323 1.140508 
324 0.921130 
325 1.120920 
326 1.053108 
327 1.066417 
328 1.200872 
329 1.082098 
330 1.010067 
331 1.011255 
332 0.985381 
333 0.932272 
334 1.128618 
335 1.048450 
336 0.960051 
337 1.013171 
338 0.901436 
339 0.877085 
340 1.063518 
341 1.028837 
342 1.160999 
343 1.020878 
344 0.892322 
345 0.971904 
346 1.077431 
347 1.005269 
348 0.971374 
349 0.912830 
350 0.829434 
351 1.094626 
352 0.950496 
353 1.070125 
354 1.203935 
355 1.053340 
356 0.990418 
357 0.979818 
358 0.922681 
359 1.015238 
360 0.977917 
361 1.154581 
362 0.863441 
363 1.041330 
364 0.972649 
365 1.108605 
366 1.076283 
367 1.020477 
368 0.850810 
369 0.890644 
370 0.993904 
371 0.992807 
372 0.856285 
373 0.765201 
374 1.023027 
375 1.238426 
376 1.092506 
377 1.299930 
378 0.972587 
379 0.887987 
380 0.988014 
381 0.832121 
382 1.056778 
383 1.286838 
384 1.065626 
385 0.903169 
386 1.091226 
387 1.074951 
388 1.221993 
389 1.106767 
390 0.977810 
391 1.066718 
392 1.106658 
393 1.016983 
394 1.065772 
395 1.035316 
396 1.104204 
397 0.949704 
398 0.988690 
399 1.082010 
400 1.016818 
401 1.151309 
402 0.980026 
403 0.988312 
404 1.123243 
405 0.852451 
406 0.881860 
407 0.889050 
408 0.937325 
409 0.991069 
410 0.902177 
411 0.959913 
412 0.842321 
413 1.108708 
414 1.013808 
415 0.847739 
416 1.092719 
417 1.113795 
418 1.040963 
419 0.888961 
420 0.788067 
421 1.031068 
422 0.965615 
423 1.100609 
424 0.952506 
425 0.938318 
426 1.123231 
427 0.885410 
428 1.078661 
429 0.814399 
430 0.851998 
431 0.966642 
432 0.830034 
433 1.041523 
434 0.795570 
435 0.929546 
436 1.140730 
437 0.941810 
438 0.939330 
439 1.127836 
440 0.917914 
441 0.776938 
442 1.077621 
443 0.972312 
444 0.912405 
445 1.225589 
446 0.986845 
447 1.120697 
448 1.061885 
449 0.970247 
450 1.165869 
451 1.207393 
452 1.010991 
453 1.085711 
454 0.827814 
455 1.132647 
456 0.890315 
457 0.883710 
458 0.906360 
459 1.012404 
460 1.101302 
461 1.258286 
462 0.993071 
463 0.936124 
464 1.030163 
465 0.985978 
466 1.019289 
467 0.972313 
468 1.040692 
469 0.898033 
470 0.967828 
471 0.931218 
472 0.843810 
473 1.017577 
474 0.902933 
475 0.925597 
476 0.972910 
477 1.046697 
478 0.921597 
479 0.988415 
480 0.988806 
481 0.878029 
482 1.218915 
483 0.978416 
484 1.062230 
485 0.732768 
486 1.107810 
487 1.073556 
488 0.943684 
489 0.947394 
490 0.893683 
491 1.059020 
492 0.948085 
493 0.949846 
494 0.950285 
495 1.032376 
496 1.113921 
497 1.109908 
498 1.082688 
499 1.070185 
500 0.891281 
501 0.862513 
502 1.044190 
503 0.854828 
504 1.024469 
505 0.780490 
506 0.952529 
507 1.087564 
508 0.907768 
509 0.940693 
510 1.300248 
511 0.921019 
512 1.016876 
513 1.145609 
514 1.124618 
515 0.947790 
516 1.064433 
517 0.968895 
518 1.105663 
519 0.868914 
520 1.001259 
521 1.148399 
522 0.914609 
523 0.866796 
524 0.819212 
525 0.909554 
526 1.101368 
527 0.928327 
528 1.002644 
529 1.032733 
530 1.072137 
531 0.919249 
532 0.979809 
533 0.918936 
534 1.115476 
535 0.977453 
536 0.816778 
537 1.075130 
538 0.902639 
539 0.974555 
540 0.975718 
541 1.077664 
542 1.122280 
543 1.115157 
544 0.984057 
545 0.936989 
546 1.089197 
547 0.924500 
548 0.830690 
549 0.954163 
550 0.926584 
551 0.932746 
552 0.970153 
553 1.012939 
554 1.097579 
555 0.856898 
556 1.126092 
557 0.923392 
558 1.066232 
559 1.188721 
560 1.101736 
561 1.089149 
562 0.974961 
563 1.123793 
564 1.141496 
565 0.931253 
566 1.013555 
567 0.769531 
568 0.886225 
569 0.857721 
570 0.904370 
571 0.974474 
572 0.832262 
573 0.861924 
574 0.932684 
575 0.926504 
576 0.945705 
577 0.883321 
578 0.647505 
579 0.982698 
580 0.903492 
581 1.005755 
582 0.943202 
583 1.125748 
584 1.044219 
585 0.954070 
586 0.937134 
587 1.060466 
588 1.090509 
589 1.116549 
590 0.945398 
591 0.989133 
592 1.014371 
593 1.013932 
594 1.082458 
595 1.027992 
596 0.815357 
597 0.911289 
598 1.071015 
599 0.977023 
600 0.948257 
601 1.082886 
602 1.001665 
603 1.198403 
604 0.999822 
605 0.986949 
606 0.979350 
607 1.257665 
608 1.162879 
609 1.083708 
610 0.936481 
611 0.885197 
612 1.059840 
613 1.090092 
614 0.937121 
615 1.031162 
616 1.030306 
617 1.150537 
618 1.134680 
619 1.072846 
620 0.932603 
621 0.882824 
622 0.973132 
623 0.930468 
624 0.979029 
625 1.066164 
626 1.083921 
627 1.033895 
628 0.784224 
629 0.991284 
630 0.946720 
631 0.999754 
632 0.934482 
633 1.032449 
634 0.926830 
635 1.108982 
636 0.803024 
637 0.876018 
638 1.135740 
639 0.960940 
640 1.046549 
641 1.156890 
642 0.789881 
643 0.874868 
644 0.982455 
645 0.970951 
646 1.071744 
647 1.184449 
648 1.248677 
649 1.089489 
650 1.068386 
651 1.062196 
652 0.857847 
653 0.892434 
654 0.994695 
655 0.947904 
656 1.059487 
657 1.090083 
658 1.022952 
659 0.919942 
660 1.015270 
661 0.935522 
662 1.111315 
663 1.097268 
664 1.071577 
665 0.964110 
666 0.986356 
667 0.866479 
668 0.992246 
669 0.950931 
670 1.028140 
671 1.059538 
672 1.137007 
673 1.016663 
674 1.142972 
675 1.084671 
676 1.091106 
677 1.009238 
678 0.987486 
679 0.881851 
680 0.975870 
681 0.973194 
682 0.874817 
683 1.035662 
684 1.242650 
685 0.938534 
686 0.814415 
687 1.036300 
688 0.962818 
689 1.015803 
690 0.911490 
691 0.928159 
692 0.836980 
693 1.148118 
694 0.902879 
695 0.886322 
696 0.899605 
697 1.101804 
698 0.953083 
699 0.937430 
700 0.846836 
701 0.993983 
702 1.044275 
703 0.850184 
704 1.019031 
705 0.871939 
706 0.999132 
707 0.830754 
708 1.032969 
709 1.165706 
710 0.953988 
711 0.915645 
712 0.929345 
713 1.143988 
714 1.113871 
715 0.937440 
716 1.118005 
717 1.024645 
718 1.055781 
719 1.100841 
720 0.806288 
721 0.993968 
722 1.033697 
723 1.098930 
724 0.951812 
725 0.989865 
726 0.996641 
727 1.118314 
728 1.063603 
729 1.097194 
730 0.923907 
731 0.904882 
732 1.136307 
733 1.014283 
734 1.060222 
735 1.076649 
736 1.028186 
737 0.985192 
738 1.085425 
739 1.015776 
740 1.157857 
741 0.789914 
742 1.134976 
743 0.972406 
744 0.824770 
745 1.034207 
746 1.010319 
747 1.151767 
748 1.057785 
749 1.229190 
750 1.013140 
751 1.034525 
752 0.940257 
753 0.986245 
754 1.016199 
755 1.085460 
756 0.946017 
757 1.014034 
758 0.981730 
759 0.960566 
760 1.028238 
761 0.935574 
762 1.157065 
763 1.053194 
764 1.159404 
765 0.993404 
766 0.825821 
767 0.857408 
768 0.754808 
769 1.013213 
770 0.894786 
771 1.095374 
772 0.990113 
773 1.117957 
774 0.880511 
775 0.938680 
776 0.952193 
777 1.023209 
778 1.015861 
779 0.976571 
780 0.942482 
781 1.114549 
782 1.193787 
783 0.937226 
784 1.149760 
785 1.125922 
786 1.129351 
787 1.176507 
788 1.133637 
789 0.836112 
790 0.867613 
791 0.999241 
792 0.890030 
793 0.795476 
794 1.017228 
795 1.093362 
796 1.130325 
797 1.187439 
798 1.124173 
799 0.986599 
800 1.022055 
801 1.288193 
802 0.951139 
803 1.008533 
804 1.244728 
805 0.950637 
806 0.982052 
807 0.909872 
808 0.998221 
809 1.049557 
810 1.254872 
811 0.901616 
812 1.088273 
813 1.037592 
814 0.962336 
815 1.043596 
816 1.156648 
817 0.965498 
818 0.979663 
819 0.970095 
820 0.952345 
821 1.256610 
822 0.805802 
823 0.866516 
824 1.078559 
825 1.042168 
826 0.991415 
827 0.957172 
828 1.092668 
829 0.985771 
830 1.043725 
831 1.037672 
832 1.003537 
833 1.070658 
834 0.979426 
835 0.980949 
836 0.983525 
837 0.994726 
838 1.164126 
839 0.992017 
840 1.083512 
841 1.074891 
842 0.966158 
843 0.940754 
844 1.214810 
845 1.099329 
846 1.131169 
847 0.809089 
848 0.864851 
849 1.235006 
850 1.217300 
851 1.147898 
852 0.964634 
853 1.010880 
854 1.024641 
855 0.948605 
856 0.861106 
857 0.959850 
858 1.103102 
859 0.989967 
860 0.860092 
861 1.053667 
862 1.027727 
863 1.004736 
864 1.050487 
865 0.876313 
866 1.172206 
867 0.989908 
868 0.996353 
869 1.077897 
870 0.990843 
871 1.024858 
872 1.078952 
873 0.896213 
874 1.013006 
875 0.912314 
876 0.853691 
877 0.960424 
878 1.008620 
879 1.046232 
880 0.834406 
881 1.137290 
882 0.925075 
883 1.016534 
884 0.836363 
885 0.853143 
886 1.026051 
887 0.918059 
888 0.916508 
889 1.014861 
890 0.976210 
891 0.987198 
892 1.049656 
893 0.953601 
894 0.986038 
895 1.056939 
896 0.929379 
897 1.039627 
898 0.769919 
899 1.046018 
900 0.994066 
901 0.954173 
902 0.994176 
903 1.110433 
904 0.923454 
905 0.952857 
906 0.737242 
907 1.041666 
908 1.071477 
909 0.972760 
910 0.798986 
911 1.036080 
912 1.138064 
913 1.054680 
914 1.019949 
915 0.982064 
916 1.157878 
917 0.890697 
918 0.957996 
919 1.067629 
920 0.985439 
921 1.048484 
922 0.970432 
923 0.936736 
924 1.048567 
925 1.015338 
926 0.994443 
927 0.980029 
928 1.083740 
929 1.050370 
930 1.103658 
931 0.897970 
932 1.078186 
933 0.959875 
934 0.868270 
935 0.991315 
936 0.972762 
937 0.932228 
938 1.038004 
939 0.933069 
940 0.957952 
941 0.913801 
942 0.976503 
943 1.160754 
944 0.951513 
945 0.927788 
946 0.875569 
947 1.148703 
948 1.059272 
949 1.066807 
950 1.072026 
951 1.062893 
952 0.953899 
953 0.967756 
954 0.878772 
955 1.165737 
956 1.008039 
957 0.848905 
958 1.010233 
959 1.027514 
960 1.203567 
961 0.972978 
962 1.028196 
963 1.045776 
964 0.877738 
965 1.086217 
966 1.098280 
967 1.020276 
968 1.074080 
969 0.920136 
970 1.130669 
971 1.087416 
972 0.828048 
973 0.916634 
974 0.949561 
975 0.853715 
976 0.768396 
977 1.003412 
978 0.996350 
979 1.107491 
980 1.019168 
981 0.967809 
982 0.992563 
983 0.934727 
984 1.121234 
985 0.899459 
986 1.181744 
987 1.032123 
988 1.019886 
989 1.101718 
990 0.908943 
991 1.042251 
992 0.850627 
993 0.994793 
994 1.061358 
995 0.995034 
996 0.913623 
997 0.855307 
998 0.905426 
999 1.174977 
1000 0.990695 
1001 1.111614 
1002 0.908377 
1003 1.003916 
1004 1.119555 
1005 0.952373 
1006 0.952780 
1007 0.992168 
1008 0.863505 
1009 0.956887 
1010 1.098438 
1011 1.068387 
1012 1.009568 
1013 1.152174 
1014 0.890810 
1015 1.089187 
1016 0.813598 
1017 0.874313 
1018 1.023689 
1019 0.997853 
1020 1.152315 
1021 1.089841 
1022 1.014470 
1023 1.007956 
1024 1.161979 
1025 0.986943 
1026 0.966632 
1027 1.047475 
1028 0.933082 
1029 0.994459 
1030 1.094255 
1031 0.885439 
1032 1.058092 
1033 0.923492 
1034 1.158082 
1035 1.018386 
1036 1.072750 
1037 0.795985 
1038 1.056188 
1039 0.949907 
1040 1.119046 
1041 1.093901 
1042 1.172106 
1043 1.046493 
1044 1.274274 
1045 1.003417 
1046 0.971585 
1047 1.010698 
1048 0.846911 
1049 1.118268 
1050 1.030404 
1051 0.987352 
1052 1.001670 
1053 0.894779 
1054 0.974632 
1055 0.806835 
1056 0.855641 
1057 0.978700 
1058 0.861475 
1059 0.965789 
1060 1.045976 
1061 0.954776 
1062 1.076754 
1063 0.868018 
1064 1.193820 
1065 1.014236 
1066 1.115777 
1067 0.712541 
1068 0.983042 
1069 1.005546 
1070 0.984032 
1071 1.107807 
1072 1.083763 
1073 1.117770 
1074 1.127023 
1075 0.913329 
1076 0.963636 
1077 0.999932 
1078 1.142975 
1079 0.902609 
1080 0.988827 
1081 1.016837 
1082 0.964306 
1083 0.941921 
1084 0.896834 
1085 1.119243 
1086 1.130377 
1087 1.044917 
1088 0.846038 
1089 1.054992 
1090 0.835293 
1091 1.195024 
1092 0.848112 
1093 1.186862 
1094 1.054320 
1095 1.130629 
1096 1.072686 
1097 0.901381 
1098 1.106604 
1099 0.927983 
1100 1.021182 
1101 0.916579 
1102 1.074780 
1103 1.124578 
1104 1.221997 
1105 1.085323 
1106 0.953027 
1107 0.829794 
1108 1.049403 
1109 0.914590 
1110 0.808833 
1111 1.068746 
1112 1.043018 
1113 0.880315 
1114 0.976402 
1115 0.958234 
1116 0.954548 
1117 0.915540 
1118 0.963257 
1119 0.927457 
1120 0.864031 
1121 0.949884 
1122 0.921719 
1123 0.964047 
1124 1.006246 
1125 0.867115 
1126 1.007914 
1127 0.948308 
1128 1.014211 
1129 1.014388 
1130 1.021932 
1131 0.823345 
1132 1.055424 
1133 1.118308 
1134 1.138638 
1135 1.190509 
1136 0.935162 
1137 1.179757 
1138 0.960883 
1139 0.974315 
1140 0.931146 
1141 1.012159 
1142 0.992795 
1143 1.090294 
1144 0.933783 
1145 1.024162 
1146 1.009096 
1147 1.295747 
1148 0.914155 
1149 0.873000 
1150 1.112967 
1151 0.912546 
1152 1.011480 
1153 1.040175 
1154 0.991826 
1155 0.966104 
1156 1.107966 
1157 1.160408 
1158 0.993462 
1159 1.089679 
1160 0.980369 
1161 0.834290 
1162 1.050676 
1163 0.995505 
1164 1.137802 
1165 1.230456 
1166 0.792029 
1167 1.101988 
1168 0.976337 
1169 0.860086 
1170 0.937370 
1171 0.902419 
1172 0.864785 
1173 1.032281 
1174 1.109240 
1175 0.988026 
1176 0.863682 
1177 1.049064 
1178 1.014420 
1179 1.020182 
1180 0.822728 
1181 0.894682 
1182 0.904003 
1183 0.994074 
1184 0.985181 
1185 1.015436 
1186 1.243038 
1187 0.805134 
1188 0.984618 
1189 0.975190 
1190 1.020461 
1191 0.781176 
1192 1.010697 
1193 1.021945 
1194 1.240339 
1195 1.005523 
1196 1.133342 
1197 0.917826 
1198 0.939727 
1199 0.770654 
1200 1.014934 
1201 0.855074 
1202 1.067619 
1203 1.216721 
1204 1.008892 
1205 1.031374 
1206 0.944470 
1207 1.003942 
1208 0.984688 
1209 1.185475 
1210 1.077622 
1211 1.051727 
1212 0.898836 
1213 0.957996 
1214 1.011549 
1215 0.979840 
1216 1.047824 
1217 1.123873 
1218 1.047157 
1219 0.968400 
1220 1.177186 
1221 0.961406 
1222 0.915466 
1223 0.852633 
1224 0.845108 
1225 0.966513 
1226 1.045061 
1227 0.996935 
1228 0.920325 
1229 1.232792 
1230 1.043183 
1231 0.929778 
1232 0.906884 
1233 0.977945 
1234 1.042346 
1235 1.009201 
1236 1.101188 
1237 0.967777 
1238 0.991686 
1239 0.967278 
1240 1.060105 
1241 1.117244 
1242 0.911268 
1243 1.157913 
1244 1.170083 
1245 1.140089 
1246 1.115405 
1247 1.049825 
1248 1.021776 
1249 0.992834 
1250 0.988930 
1251 1.095919 
1252 0.958443 
1253 1.035294 
1254 1.021434 
1255 1.100414 
1256 0.937054 
1257 1.165989 
1258 0.998861 
1259 0.917533 
1260 0.925609 
1261 1.062576 
1262 0.787256 
1263 0.882028 
1264 0.989001 
1265 1.010526 
1266 0.974314 
1267 1.148134 
1268 1.093335 
1269 1.130498 
1270 1.185172 
1271 1.128976 
1272 0.903986 
1273 1.080452 
1274 1.006978 
1275 1.021606 
1276 0.957984 
1277 0.916601 
1278 0.970669 
1279 0.960686 
1280 0.992231 
1281 1.042027 
1282 0.910683 
1283 0.928526 
1284 0.951297 
1285 1.053486 
1286 1.044304 
1287 1.059612 
1288 1.080320 
1289 0.937672 
1290 1.112113 
1291 0.997184 
1292 0.953062 
1293 1.171431 
1294 0.869331 
1295 1.121381 
1296 1.085095 
1297 1.131512 
1298 0.897128 
1299 0.940333 
1300 0.972307 
1301 1.109873 
1302 1.217926 
1303 0.876267 
1304 0.969365 
1305 0.962498 
1306 1.006637 
1307 1.126247 
1308 1.115011 
1309 1.057201 
1310 1.066472 
1311 0.971339 
1312 0.935595 
1313 0.971248 
1314 0.979341 
1315 0.897019 
1316 0.891397 
1317 1.068372 
1318 0.884574 
1319 1.004733 
1320 1.027869 
1321 0.984006 
1322 0.879813 
1323 0.951943 
1324 0.983569 
1325 0.987698 
1326 0.959060 
1327 0.892448 
1328 1.045792 
1329 1.184261 
1330 0.807872 
1331 0.755161 
1332 1.105778 
1333 1.126152 
1334 0.945520 
1335 0.900934 
1336 1.018267 
1337 0.903843 
1338 0.937440 
1339 0.753589 
1340 0.984127 
1341 0.840044 
1342 0.917121 
1343 1.232491 
1344 0.945125 
1345 0.892959 
1346 0.857374 
1347 0.943932 
1348 0.899391 
1349 0.961795 
1350 0.992288 
1351 1.001595 
1352 1.179128 
1353 1.102316 
1354 0.878353 
1355 0.852720 
1356 0.993401 
1357 1.082660 
1358 1.037907 
1359 0.877097 
1360 1.195592 
1361 0.855477 
1362 1.159236 
1363 1.158241 
1364 0.828356 
1365 0.955153 
1366 0.901029 
1367 0.924524 
1368 1.183337 
1369 0.938650 
1370 0.889821 
1371 1.280367 
1372 0.975437 
1373 0.851035 
1374 1.079113 
1375 0.995927 
1376 1.121827 
1377 1.103658 
1378 1.085191 
1379 0.958383 
1380 1.050334 
1381 1.073910 
1382 0.991055 
1383 1.058116 
1384 1.017637 
1385 1.189447 
1386 1.056177 
1387 1.068767 
1388 0.966670 
1389 1.102167 
1390 1.033083 
1391 1.114187 
1392 0.905939 
1393 1.092231 
1394 0.951776 
1395 1.062662 
1396 0.871320 
1397 1.096635 
1398 0.868896 
1399 0.941983 
1400 0.819124 
1401 0.932151 
1402 1.056664 
1403 1.066934 
1404 1.051030 
1405 1.110232 
1406 0.923224 
1407 0.932924 
1408 0.880109 
1409 1.066730 
1410 0.921051 
1411 1.098753 
1412 1.107748 
1413 1.089633 
1414 0.775523 
1415 1.156254 
1416 0.901683 
1417 1.087343 
1418 0.910628 
1419 1.057176 
1420 0.995380 
1421 1.002657 
1422 1.069719 
1423 1.143589 
1424 1.216918 
1425 0.956284 
1426 1.005555 
1427 1.042447 
1428 0.974513 
1429 0.980451 
1430 0.979031 
1431 1.053973 
1432 1.172752 
1433 1.017245 
1434 0.988283 
1435 1.113122 
1436 0.985503 
1437 0.981624 
1438 0.832125 
1439 0.841598 
1440 1.012056 
1441 1.217971 
1442 0.933387 
1443 1.027495 
1444 0.959877 
1445 1.182989 
1446 0.991478 
1447 0.952864 
1448 0.931994 
1449 1.006841 
1450 0.945036 
1451 1.029413 
1452 0.913762 
1453 1.000322 
1454 1.021805 
1455 1.116241 
1456 1.066385 
1457 0.938989 
1458 1.064196 
1459 0.948737 
1460 0.867036 
1461 0.890902 
1462 0.875696 
1463 1.000143 
1464 1.135576 
1465 0.909647 
1466 1.030206 
1467 1.214645 
1468 0.871042 
1469 0.872733 
1470 0.950402 
1471 1.123001 
1472 1.101940 
1473 0.876733 
1474 0.916984 
1475 1.042192 
1476 0.953638 
1477 1.127339 
1478 1.176947 
1479 0.958729 
1480 0.911670 
1481 0.978640 
1482 1.190060 
1483 0.829375 
1484 0.759368 
1485 0.925006 
1486 1.088629 
1487 0.867896 
1488 0.904632 
1489 1.098129 
1490 1.031194 
1491 1.010267 
1492 1.069680 
1493 0.901503 
1494 1.006978 
1495 0.969925 
1496 0.888240 
1497 0.755641 
1498 0.907956 
1499 0.918847 
1500 0.841821 
1501 1.128623 
1502 1.009874 
1503 0.848373 
1504 1.154703 
1505 1.060677 
1506 1.013229 
1507 0.891025 
1508 1.069627 
1509 1.176862 
1510 0.955757 
1511 0.930381 
1512 1.140826 
1513 0.970391 
1514 1.021225 
1515 1.053140 
1516 1.050080 
1517 0.853372 
1518 1.146173 
1519 1.157151 
1520 0.837516 
1521 0.948988 
1522 1.156918 
1523 1.137006 
1524 1.127014 
1525 1.024208 
1526 0.969281 
1527 1.046132 
1528 0.874270 
1529 0.860474 
1530 0.972264 
1531 1.023358 
1532 1.007103 
1533 0.811818 
1534 0.917775 
1535 0.820942 
1536 1.057926 
1537 1.061436 
1538 1.055359 
1539 1.112577 
1540 1.146283 
1541 1.032837 
1542 0.927182 
1543 0.997165 
1544 0.882353 
1545 1.165140 
1546 1.059291 
1547 1.119778 
1548 1.065212 
1549 0.956693 
1550 0.835510 
1551 1.029692 
1552 0.871453 
1553 1.081583 
1554 1.153294 
1555 0.951333 
1556 1.001564 
1557 0.973166 
1558 1.007885 
1559 1.104246 
1560 1.058786 
1561 0.800100 
1562 0.996892 
1563 0.984088 
1564 0.660556 
1565 1.023603 
1566 1.142292 
1567 0.966315 
1568 1.020753 
1569 1.068283 
1570 1.026621 
1571 0.890479 
1572 1.190563 
1573 0.955453 
1574 0.933992 
1575 0.799686 
1576 0.849050 
1577 1.014426 
1578 1.158590 
1579 0.934089 
1580 0.945719 
1581 0.982176 
1582 1.109992 
1583 1.057990 
1584 1.057893 
1585 1.042573 
1586 0.959511 
1587 1.046833 
1588 0.944885 
1589 1.028838 
1590 0.983408 
1591 1.035371 
1592 0.976062 
1593 1.041622 
1594 0.986954 
1595 0.874867 
1596 1.026075 
1597 0.949467 
1598 0.891095 
1599 0.966622 
1600 1.024832 
1601 1.076849 
1602 0.855485 
1603 0.994104 
1604 0.931440 
1605 0.969646 
1606 1.228074 
1607 0.957190 
1608 1.090437 
1609 1.067245 
1610 0.872903 
1611 1.076212 
1612 0.959356 
1613 0.950018 
1614 0.799208 
1615 0.878512 
1616 0.853823 
1617 1.091178 
1618 1.042188 
1619 1.002726 
1620 0.871645 
1621 0.916094 
1622 1.039174 
1623 1.078834 
1624 1.045679 
1625 1.009180 
1626 0.976059 
1627 1.090275 
1628 0.932975 
1629 1.166076 
1630 1.066121 
1631 1.182162 
1632 0.966693 
1633 1.013689 
1634 0.852570 
1635 0.825972 
1636 1.144911 
1637 0.978973 
1638 0.780978 
1639 0.953443 
1640 0.995223 
1641 1.073704 
1642 0.973493 
1643 0.922717 
1644 1.002524 
1645 1.165306 
1646 1.095327 
1647 1.326183 
1648 1.001351 
1649 1.030230 
1650 0.962372 
1651 0.986317 
1652 1.090347 
1653 0.979765 
1654 1.012218 
1655 0.901596 
1656 1.135866 
1657 0.941044 
1658 0.903063 
1659 0.874064 
1660 0.820692 
1661 1.075337 
1662 1.055011 
1663 1.138541 
1664 0.953673 
1665 1.155450 
1666 1.106277 
1667 0.899547 
1668 0.961865 
1669 1.075761 
1670 0.978438 
1671 0.980300 
1672 1.060878 
1673 1.081759 
1674 1.192003 
1675 1.017004 
1676 0.967093 
1677 0.909503 
1678 1.091654 
1679 0.991502 
1680 0.975128 
1681 1.085286 
1682 1.053165 
1683 0.893944 
1684 0.969172 
1685 1.032311 
1686 1.188444 
1687 0.874553 
1688 0.850603 
1689 1.038498 
1690 1.141517 
1691 1.222882 
1692 1.024829 
1693 1.095998 
1694 1.117578 
1695 1.032102 
1696 0.807420 
1697 0.891972 
1698 1.121639 
1699 0.991088 
1700 0.972413 
1701 1.148908 
1702 0.848641 
1703 1.019647 
1704 1.259370 
1705 1.088755 
1706 0.857194 
1707 0.814908 
1708 1.014944 
1709 0.871234 
1710 1.262036 
1711 1.083632 
1712 0.923499 
1713 0.970140 
1714 0.962517 
1715 1.009525 
1716 1.002408 
1717 1.041553 
1718 1.002530 
1719 0.895710 
1720 1.087501 
1721 1.020521 
1722 1.230876 
1723 0.977057 
1724 1.064334 
1725 0.857206 
1726 0.993788 
1727 1.017207 
1728 1.019322 
1729 0.987964 
1730 0.989040 
1731 1.095744 
1732 0.803446 
1733 0.947181 
1734 0.970524 
1735 0.931401 
1736 0.959338 
1737 1.062282 
1738 0.966716 
1739 0.896133 
1740 0.993951 
1741 1.038006 
1742 1.029906 
1743 0.951151 
1744 1.057732 
1745 0.882863 
1746 0.884361 
1747 1.042296 
1748 0.876721 
1749 0.961692 
1750 0.971718 
1751 1.043530 
1752 0.937801 
1753 1.037627 
1754 1.005723 
1755 0.835222 
1756 1.062390 
1757 0.987492 
1758 1.047923 
1759 1.187271 
1760 1.100684 
1761 1.043008 
1762 1.029596 
1763 0.968453 
1764 1.073392 
1765 1.055905 
1766 0.941466 
1767 1.047652 
1768 0.975035 
1769 1.089213 
1770 1.090599 
1771 1.243614 
1772 1.105639 
1773 1.168930 
1774 0.979716 
1775 1.043960 
1776 1.090850 
1777 0.927104 
1778 1.031494 
1779 1.087407 
1780 0.968301 
1781 0.951887 
1782 0.744953 
1783 0.917327 
1784 1.119458 
1785 0.959339 
1786 0.994597 
1787 0.942022 
1788 0.972200 
1789 1.084445 
1790 1.006932 
1791 0.958802 
1792 0.943906 
1793 0.982570 
1794 0.921537 
1795 1.167081 
1796 1.065880 
1797 0.956701 
1798 1.060711 
1799 0.842125 
1800 1.174457 
1801 0.881304 
1802 0.942080 
1803 1.175622 
1804 1.085417 
1805 1.116520 
1806 0.920621 
1807 0.773299 
1808 1.096742 
1809 1.102957 
1810 0.954049 
1811 1.079567 
1812 0.851715 
1813 0.904280 
1814 1.014437 
1815 1.164990 
1816 0.962554 
1817 0.967059 
1818 0.848551 
1819 1.002978 
1820 0.979280 
1821 1.007768 
1822 0.915894 
1823 1.352125 
1824 1.096792 
1825 1.076373 
1826 1.023171 
1827 1.030593 
1828 0.907151 
1829 1.139993 
1830 0.913760 
1831 1.129226 
1832 1.181742 
1833 0.881650 
1834 1.014020 
1835 1.014118 
1836 0.897763 
1837 1.056004 
1838 0.976287 
1839 0.825679 
1840 1.003740 
1841 1.079667 
1842 0.945357 
1843 1.151710 
1844 1.039584 
1845 1.073847 
1846 0.995172 
1847 0.845616 
1848 1.106668 
1849 1.028636 
1850 0.990979 
1851 1.100145 
1852 0.859185 
1853 1.098514 
1854 1.023479 
1855 0.961154 
1856 0.862928 
1857 1.073736 
1858 0.852967 
1859 0.939231 
1860 0.912725 
1861 1.001456 
1862 1.059314 
1863 0.977998 
1864 0.858353 
1865 1.094999 
1866 1.042193 
1867 1.169276 
1868 0.938023 
1869 1.056640 
1870 1.226636 
1871 0.922390 
1872 1.126673 
1873 1.095780 
1874 1.105099 
1875 0.895116 
1876 0.758220 
1877 1.094389 
1878 1.001554 
1879 0.996669 
1880 1.085150 
1881 1.132634 
1882 0.990353 
1883 1.024755 
1884 1.047279 
1885 0.923649 
1886 0.940142 
1887 0.998138 
1888 0.958317 
1889 0.919061 
1890 0.976842 
1891 0.880220 
1892 0.956254 
1893 0.928241 
1894 1.014149 
1895 1.030242 
1896 0.849001 
1897 1.098015 
1898 0.894955 
1899 1.091585 
1900 0.949562 
1901 0.900142 
1902 0.948059 
1903 0.990969 
1904 1.078355 
1905 0.985181 
1906 1.136699 
1907 0.985435 
1908 0.909072 
1909 1.035980 
1910 1.007353 
1911 0.962959 
1912 0.907333 
1913 1.167925 
1914 1.113943 
1915 1.076703 
1916 0.952743 
1917 0.838955 
1918 0.957363 
1919 0.932750 
1920 0.959004 
1921 0.980273 
1922 1.102125 
1923 0.843532 
1924 1.093894 
1925 0.919883 
1926 0.957485 
1927 0.906977 
1928 0.872363 
1929 0.995687 
1930 1.059224 
1931 1.088813 
1932 0.838882 
1933 1.042376 
1934 1.096982 
1935 1.033163 
1936 1.015766 
1937 0.820845 
1938 1.003540 
1939 0.877674 
1940 1.124285 
1941 1.118538 
1942 0.983935 
1943 0.897649 
1944 1.023702 
1945 0.993733 
1946 1.034107 
1947 1.121246 
1948 0.868430 
1949 0.995786 
1950 0.865898 
1951 0.937745 
1952 0.969139 
1953 0.951530 
1954 1.179602 
1955 1.109800 
1956 0.950338 
1957 1.028704 
1958 1.106336 
1959 0.838261 
1960 0.935252 
1961 1.134609 
1962 1.163496 
1963 0.994233 
1964 0.936114 
1965 0.872074 
1966 1.037512 
1967 1.061276 
1968 0.846168 
1969 0.795057 
1970 0.973912 
1971 1.036120 
1972 0.737250 
1973 1.070770 
1974 0.892449 
1975 1.162600 
1976 0.946369 
1977 1.079185 
1978 1.002131 
1979 1.022409 
1980 1.103614 
1981 1.246319 
1982 0.869425 
1983 1.020754 
1984 1.064381 
1985 0.955690 
1986 1.029443 
1987 1.000564 
1988 0.893733 
1989 0.923935 
1990 0.985225 
1991 0.912021 
1992 0.943417 
1993 1.007443 
1994 0.978669 
1995 0.959605 
1996 1.042867 
1997 1.056021 
1998 1.080318 
1999 1.070189 
2000 1.026732 
2001 1.242628 
2002 1.110627 
2003 1.213854 
2004 0.881535 
2005 1.187788 
2006 0.994156 
2007 1.009611 
2008 0.944609 
2009 0.854744 
2010 1.017910 
2011 1.175524 
2012 0.982613 
2013 0.995975 
2014 0.963378 
2015 0.970372 
2016 0.873405 
2017 0.913701 
2018 0.890659 
2019 1.077502 
2020 0.867981 
2021 1.148134 
2022 0.857890 
2023 0.995117 
2024 0.986373 
2025 0.952227 
2026 1.057976 
2027 0.995848 
2028 0.914274 
2029 0.961169 
2030 1.218194 
2031 1.068403 
2032 0.975350 
2033 0.917598 
2034 0.840842 
2035 0.815281 
2036 0.990327 
2037 0.813365 
2038 1.014757 
2039 0.933580 
2040 0.985933 
2041 1.009056 
2042 1.075541 
2043 1.075417 
2044 0.853395 
2045 0.906450 
2046 1.121310 
2047 0.979881 
2048 0.954416 
2049 1.034637 
2050 1.104008 
2051 1.132794 
2052 0.946859 
2053 1.157261 
2054 1.147741 
2055 1.176350 
2056 0.912366 
2057 0.971986 
2058 1.072163 
2059 1.056540 
2060 1.088929 
2061 0.841773 
2062 0.777812 
2063 0.969912 
2064 0.878849 
2065 0.859561 
2066 1.076983 
2067 0.943337 
2068 1.011549 
2069 1.011079 
2070 0.990542 
2071 0.965972 
2072 0.851341 
2073 0.906765 
2074 1.058583 
2075 0.991852 
2076 1.109124 
2077 0.856263 
2078 1.041843 
2079 1.022327 
2080 0.945394 
2081 1.132832 
2082 1.135673 
2083 0.969572 
2084 1.010884 
2085 1.149549 
2086 0.929197 
2087 1.151561 
2088 0.922714 
2089 1.051746 
2090 1.098593 
2091 1.145914 
2092 0.959803 
2093 0.939149 
2094 0.833673 
2095 1.079785 
2096 1.082813 
2097 0.899820 
2098 0.942253 
2099 1.141965 
2100 1.232285 
2101 0.933455 
2102 0.860342 
2103 1.035941 
2104 1.081334 
2105 1.046169 
2106 0.924366 
2107 0.746239 
2108 1.065890 
2109 1.127521 
2110 0.936543 
2111 0.934916 
2112 0.935439 
2113 1.194769 
2114 0.961951 
2115 0.996706 
2116 0.921743 
2117 0.925271 
2118 0.958289 
2119 1.100736 
2120 0.929637 
2121 0.954328 
2122 1.150009 
2123 1.114661 
2124 1.179637 
2125 1.069889 
2126 0.991136 
2127 1.008441 
2128 0.953428 
2129 0.964081 
2130 0.994211 
2131 0.943734 
2132 1.053811 
2133 1.014728 
2134 0.918450 
2135 0.989057 
2136 1.101171 
2137 0.983801 
2138 0.863905 
2139 1.165143 
2140 1.023713 
2141 1.047863 
2142 1.102540 
2143 0.925663 
2144 1.004552 
2145 1.038275 
2146 0.824277 
2147 0.971320 
2148 0.980074 
2149 0.890912 
2150 0.889991 
2151 0.990609 
2152 1.026807 
2153 0.916185 
2154 1.231492 
2155 0.977469 
2156 0.972037 
2157 1.142785 
2158 1.029108 
2159 1.076751 
2160 1.135955 
2161 0.789070 
2162 1.019495 
2163 0.991299 
2164 0.970480 
2165 1.125034 
2166 0.864634 
2167 1.021542 
2168 0.966393 
2169 0.969173 
2170 0.997577 
2171 1.153053 
2172 0.895921 
2173 0.833517 
2174 0.943810 
2175 1.012142 
2176 0.999209 
2177 1.094512 
2178 0.977842 
2179 1.117328 
2180 0.966671 
2181 1.020030 
2182 0.983423 
2183 1.190416 
2184 0.971970 
2185 1.001424 
2186 1.032381 
2187 0.844642 
2188 1.020465 
2189 1.017151 
2190 1.132719 
2191 0.989665 
2192 1.016477 
2193 1.010648 
2194 1.075873 
2195 0.855403 
2196 0.921375 
2197 0.927649 
2198 0.968296 
2199 0.996420 
2200 1.006306 
2201 1.200947 
2202 0.954902 
2203 0.956083 
2204 0.787114 
2205 0.924443 
2206 0.665252 
2207 0.922980 
2208 0.843380 
2209 0.749286 
2210 1.131458 
2211 1.005495 
2212 0.976646 
2213 0.951957 
2214 0.885160 
2215 1.050868 
2216 0.817076 
2217 0.983530 
2218 0.955888 
2219 0.944336 
2220 1.062036 
2221 0.951438 
2222 1.026726 
2223 0.920293 
2224 0.963608 
2225 0.993691 
2226 1.019041 
2227 1.111714 
2228 0.983920 
2229 1.165882 
2230 0.855809 
2231 0.982843 
2232 0.908417 
2233 1.030045 
2234 1.158399 
2235 1.033907 
2236 1.243058 
2237 0.960958 
2238 1.070117 
2239 1.006583 
2240 0.969752 
2241 1.021463 
2242 0.920072 
2243 0.973195 
2244 0.955100 
2245 0.929621 
2246 1.117305 
2247 1.050922 
2248 0.795399 
2249 0.913335 
2250 1.115839 
2251 1.042414 
2252 0.962813 
2253 1.010937 
2254 1.095559 
2255 1.032203 
2256 1.070457 
2257 0.882211 
2258 0.951991 
2259 1.148920 
2260 1.084040 
2261 1.090321 
2262 1.391888 
2263 1.026984 
2264 0.916958 
2265 0.952381 
2266 0.950448 
2267 0.832141 
2268 1.159939 
2269 1.136336 
2270 1.050322 
2271 1.163839 
2272 1.127124 
2273 1.007725 
2274 0.914622 
2275 1.008737 
2276 1.072830 
2277 0.923058 
2278 1.122048 
2279 1.001371 
2280 1.045206 
2281 0.909292 
2282 1.037478 
2283 0.957287 
2284 0.983139 
2285 0.959783 
2286 1.029601 
2287 1.160213 
2288 0.948289 
2289 0.951410 
2290 1.044861 
2291 1.137202 
2292 1.080372 
2293 1.056822 
2294 1.143839 
2295 0.880611 
2296 1.056416 
2297 0.982631 
2298 1.052564 
2299 1.099430 
2300 0.841351 
2301 1.110281 
2302 1.168425 
2303 1.039045 
2304 1.090707 
2305 0.981751 
2306 1.127752 
2307 0.908148 
2308 0.998652 
2309 1.023032 
2310 1.047057 
2311 1.133549 
2312 0.971294 
2313 1.134070 
2314 0.913641 
2315 1.010503 
2316 0.885318 
2317 1.015393 
2318 1.088802 
2319 1.045300 
2320 0.915677 
2321 1.030721 
2322 0.957327 
2323 1.179507 
2324 0.929583 
2325 1.165114 
2326 0.826243 
2327 1.178199 
2328 0.762291 
2329 1.195796 
2330 1.111111 
2331 1.081575 
2332 0.961267 
2333 1.164409 
2334 0.993729 
2335 0.987704 
2336 1.108168 
2337 1.147558 
2338 1.173347 
2339 1.059371 
2340 0.933297 
2341 1.177312 
2342 1.044952 
2343 0.955964 
2344 0.991413 
2345 1.012678 
2346 1.185175 
2347 1.203319 
2348 0.926873 
2349 0.895695 
2350 0.887702 
2351 1.083536 
2352 0.865255 
2353 0.986282 
2354 1.078547 
2355 1.096049 
2356 0.943311 
2357 0.940668 
2358 0.757762 
2359 0.992315 
2360 1.035408 
2361 1.074055 
2362 0.970756 
2363 1.016358 
2364 1.111193 
2365 1.055147 
2366 0.816769 
2367 0.978469 
2368 1.053112 
2369 1.042840 
2370 0.947085 
2371 0.873230 
2372 1.021636 
2373 1.198584 
2374 0.983472 
2375 0.939805 
2376 0.970766 
2377 0.852874 
2378 0.987941 
2379 0.937452 
2380 1.214695 
2381 0.851285 
2382 1.085894 
2383 1.121758 
2384 1.083411 
2385 0.921415 
2386 0.791737 
2387 0.969875 
2388 1.053986 
2389 1.035773 
2390 1.169767 
2391 1.044522 
2392 1.037448 
2393 0.977785 
2394 1.057981 
2395 0.947322 
2396 1.000282 
2397 1.050688 
2398 0.952558 
2399 0.969675 
2400 1.016061 
2401 0.975934 
2402 0.965262 
2403 1.073819 
2404 0.946208 
2405 0.985955 
2406 0.863533 
2407 1.130166 
2408 0.988820 
2409 0.964416 
2410 0.863240 
2411 1.000522 
2412 1.052778 
2413 0.882311 
2414 1.065529 
2415 0.961381 
2416 0.785911 
2417 0.913322 
2418 0.862508 
2419 0.857045 
2420 0.930295 
2421 0.901192 
2422 0.927112 
2423 0.961303 
2424 0.947519 
2425 1.055354 
2426 1.015128 
2427 0.789469 
2428 0.958511 
2429 1.005408 
2430 0.974868 
2431 0.989376 
2432 1.119156 
2433 0.906773 
2434 1.118657 
2435 0.817888 
2436 0.877801 
2437 0.963463 
2438 0.916717 
2439 1.101900 
2440 0.698660 
2441 1.121978 
2442 0.989751 
2443 1.054504 
2444 1.235623 
2445 0.959733 
2446 0.998990 
2447 0.982825 
2448 0.870708 
2449 0.956301 
2450 1.105288 
2451 1.128412 
2452 0.987051 
2453 0.966201 
2454 0.959350 
2455 1.035834 
2456 1.094737 
2457 1.252034 
2458 1.101383 
2459 1.109136 
2460 0.948416 
2461 0.995474 
2462 1.039587 
2463 1.023244 
2464 1.123263 
2465 1.003928 
2466 0.855725 
2467 0.964476 
2468 1.077994 
2469 1.089328 
2470 0.919985 
2471 1.070975 
2472 0.984324 
2473 0.959559 
2474 0.830853 
2475 0.994923 
2476 0.930559 
2477 0.889333 
2478 1.001606 
2479 0.904920 
2480 0.936458 
2481 0.984618 
2482 1.061152 
2483 0.898668 
2484 0.969323 
2485 0.984416 
2486 1.008062 
2487 1.078376 
2488 0.787858 
2489 0.879063 
2490 1.081442 
2491 0.974603 
2492 0.947084 
2493 1.063382 
2494 0.763125 
2495 0.896757 
2496 1.054890 
2497 0.924811 
2498 0.942471 
2499 0.910954 
2500 1.028338 
2501 1.151385 
2502 1.105531 
2503 1.109596 
2504 1.166733 
2505 1.137190 
2506 0.988071 
2507 1.038929 
2508 0.986740 
2509 0.878914 
2510 0.910212 
2511 0.996656 
2512 1.057428 
2513 1.116796 
2514 1.008413 
2515 0.865200 
2516 0.958219 
2517 0.982490 
2518 0.969149 
2519 1.071676 
2520 0.986768 
2521 0.996948 
2522 1.105791 
2523 1.133843 
2524 1.048451 
2525 1.270150 
2526 1.016033 
2527 1.020014 
2528 1.041722 
2529 0.953839 
2530 1.086855 
2531 1.005000 
2532 0.776793 
2533 1.051165 
2534 0.913032 
2535 0.928108 
2536 1.027055 
2537 0.987047 
2538 1.014804 
2539 0.865728 
2540 1.026706 
2541 0.833512 
2542 1.118420 
2543 0.964952 
2544 1.107526 
2545 1.046667 
2546 0.911996 
2547 1.036342 
2548 0.863091 
2549 0.921168 
2550 1.092650 
2551 0.895104 
2552 1.008135 
2553 0.889043 
2554 1.044708 
2555 0.977648 
2556 1.161878 
2557 0.901459 
2558 1.151366 
2559 0.964808 
2560 1.018579 
2561 0.959882 
2562 1.090509 
2563 1.071319 
2564 0.954089 
2565 0.913888 
2566 0.931709 
2567 1.135824 
2568 0.824243 
2569 0.912188 
2570 0.975693 
2571 1.134297 
2572 1.083077 
2573 1.074541 
2574 1.085923 
2575 1.101990 
2576 0.994658 
2577 0.804225 
2578 0.968391 
2579 1.034591 
2580 1.162269 
2581 1.071218 
2582 0.996671 
2583 1.057979 
2584 0.968157 
2585 0.929320 
2586 0.968004 
2587 0.836081 
2588 0.892186 
2589 0.929716 
2590 1.121681 
2591 0.835486 
2592 0.904251 
2593 0.980531 
2594 1.019576 
2595 0.947626 
2596 0.902468 
2597 0.977637 
2598 1.007991 
2599 0.990869 
2600 0.990849 
2601 1.043205 
2602 0.877042 
2603 0.874944 
2604 1.127043 
2605 0.964138 
2606 1.114385 
2607 1.077001 
2608 0.953354 
2609 1.107491 
2610 0.943465 
2611 0.952455 
2612 0.914044 
2613 0.910386 
2614 0.958933 
2615 1.053878 
2616 0.921544 
2617 0.848894 
2618 0.815472 
2619 1.003238 
2620 0.942753 
2621 0.931426 
2622 0.839251 
2623 1.213313 
2624 1.019777 
2625 1.209434 
2626 0.789558 
2627 1.089598 
2628 0.888112 
2629 0.931281 
2630 1.092754 
2631 0.978238 
2632 0.950294 
2633 0.960092 
2634 0.998154 
2635 0.973934 
2636 1.059069 
2637 0.852640 
2638 1.187439 
2639 0.915377 
2640 1.051586 
2641 1.024325 
2642 0.996151 
2643 0.905219 
2644 0.962810 
2645 1.090729 
2646 1.069321 
2647 1.200522 
2648 1.024091 
2649 0.719649 
2650 1.074787 
2651 0.859566 
2652 0.936888 
2653 1.049854 
2654 1.061951 
2655 1.183795 
2656 0.983218 
2657 0.971063 
2658 1.072426 
2659 0.843505 
2660 1.158760 
2661 1.018771 
2662 1.096924 
2663 1.055847 
2664 1.097153 
2665 1.174344 
2666 1.092116 
2667 1.062996 
2668 0.751571 
2669 0.937963 
2670 1.078477 
2671 0.956027 
2672 1.060619 
2673 1.061223 
2674 1.117332 
2675 1.137825 
2676 1.127215 
2677 0.907795 
2678 0.966901 
2679 0.933410 
2680 0.989483 
2681 1.044760 
2682 1.201850 
2683 0.993561 
2684 0.859947 
2685 0.846845 
2686 1.025926 
2687 1.224632 
2688 0.886538 
2689 0.917090 
2690 0.823959 
2691 1.088898 
2692 0.999277 
2693 1.012203 
2694 0.919358 
2695 1.041681 
2696 1.048248 
2697 0.803321 
2698 0.922542 
2699 1.056739 
2700 0.772036 
2701 0.820611 
2702 1.048217 
2703 1.065925 
2704 1.117806 
2705 0.891905 
2706 1.151886 
2707 0.857171 
2708 1.033889 
2709 0.868638 
2710 1.051693 
2711 0.904429 
2712 1.029804 
2713 1.064304 
2714 0.960511 
2715 1.075851 
2716 1.052289 
2717 0.895341 
2718 1.073394 
2719 0.827327 
2720 0.939688 
2721 0.947950 
2722 1.209663 
2723 0.824572 
2724 0.964693 
2725 1.015627 
2726 1.038795 
2727 0.876545 
2728 1.138950 
2729 0.971672 
2730 1.052404 
2731 1.138455 
2732 1.091012 
2733 0.941455 
2734 0.904009 
2735 1.029126 
2736 1.047198 
2737 0.890929 
2738 1.193085 
2739 0.899158 
2740 1.184794 
2741 1.097229 
2742 0.848474 
2743 0.972655 
2744 1.132290 
2745 0.905632 
2746 1.125114 
2747 0.770522 
2748 1.070064 
2749 0.927972 
2750 0.904448 
2751 1.032550 
2752 1.014748 
2753 0.948709 
2754 0.780330 
2755 0.973041 
2756 0.947741 
2757 1.072290 
2758 1.003358 
2759 1.136164 
2760 0.956733 
2761 1.030086 
2762 1.014751 
2763 0.973113 
2764 0.921504 
2765 1.084850 
2766 1.035197 
2767 0.938630 
2768 1.271234 
2769 0.999260 
2770 0.879694 
2771 0.868919 
2772 0.950515 
2773 0.960563 
2774 1.080810 
2775 0.958870 
2776 0.994243 
2777 1.069721 
2778 1.015648 
2779 1.002432 
2780 0.965210 
2781 0.972093 
2782 0.888314 
2783 1.104510 
2784 0.916629 
2785 0.828810 
2786 0.947465 
2787 1.025404 
2788 1.006303 
2789 0.845839 
2790 1.196155 
2791 1.142681 
2792 0.992095 
2793 1.058166 
2794 1.074812 
2795 0.930764 
2796 0.951791 
2797 1.035102 
2798 1.022205 
2799 0.896494 
2800 1.007024 
2801 1.151699 
2802 1.086427 
2803 0.850102 
2804 0.893764 
2805 0.864490 
2806 0.884177 
2807 0.906338 
2808 0.860028 
2809 0.765485 
2810 0.855360 
2811 0.929312 
2812 0.945855 
2813 1.069890 
2814 1.083412 
2815 0.839748 
2816 0.894804 
2817 1.179900 
2818 0.922432 
2819 1.145198 
2820 0.972812 
2821 0.906119 
2822 1.001202 
2823 0.940228 
2824 0.966918 
2825 0.918198 
2826 0.881044 
2827 0.929742 
2828 0.915334 
2829 0.941624 
2830 0.856852 
2831 1.112961 
2832 0.745866 
2833 0.962298 
2834 0.975059 
2835 1.020353 
2836 1.097304 
2837 0.908155 
2838 0.897851 
2839 1.042727 
2840 1.014692 
2841 0.948679 
2842 0.953499 
2843 0.870143 
2844 0.927066 
2845 1.030072 
2846 1.000808 
2847 1.117763 
2848 0.871367 
2849 1.147440 
2850 0.921096 
2851 0.882845 
2852 0.908718 
2853 0.918100 
2854 1.079162 
2855 0.941020 
2856 0.977614 
2857 1.087931 
2858 1.059058 
2859 1.038117 
2860 0.989876 
2861 0.817753 
2862 1.100965 
2863 0.939168 
2864 1.273851 
2865 0.938486 
2866 1.064083 
2867 0.885796 
2868 0.917656 
2869 1.018596 
2870 1.021943 
2871 1.137797 
2872 0.847786 
2873 1.030161 
2874 1.018224 
2875 1.079721 
2876 1.092904 
2877 0.876987 
2878 0.788048 
2879 0.995306 
2880 0.915877 
2881 1.169147 
2882 0.883117 
2883 1.138489 
2884 0.891853 
2885 1.069316 
2886 1.025684 
2887 0.843106 
2888 0.939136 
2889 0.824229 
2890 0.998901 
2891 0.877568 
2892 0.898986 
2893 0.867491 
2894 1.060040 
2895 1.095706 
2896 1.113542 
2897 1.067417 
2898 0.945197 
2899 0.966313 
2900 1.165148 
2901 1.229823 
2902 0.994410 
2903 0.899532 
2904 1.076421 
2905 0.942581 
2906 1.025807 
2907 1.054134 
2908 0.941673 
2909 1.059979 
2910 1.048625 
2911 1.145917 
2912 0.879619 
2913 1.208885 
2914 0.984010 
2915 1.032669 
2916 1.020813 
2917 0.854951 
2918 0.896991 
2919 0.922957 
2920 1.093677 
2921 0.999036 
2922 0.752938 
2923 0.891879 
2924 0.861230 
2925 0.877104 
2926 1.075103 
2927 1.138044 
2928 0.935825 
2929 1.173237 
2930 0.996604 
2931 0.899083 
2932 1.003481 
2933 1.041591 
2934 1.095725 
2935 0.900908 
2936 1.085787 
2937 0.924268 
2938 1.034089 
2939 1.028514 
2940 1.032225 
2941 1.110300 
2942 0.928835 
2943 1.091812 
2944 0.927656 
2945 0.973161 
2946 0.952605 
2947 0.832333 
2948 0.892393 
2949 1.096762 
2950 1.108665 
2951 0.905003 
2952 0.981076 
2953 0.978379 
2954 1.056157 
2955 0.881027 
2956 1.098913 
2957 1.110665 
2958 1.056044 
2959 0.854328 
2960 0.926406 
2961 0.909228 
2962 1.052226 
2963 1.023610 
2964 1.114333 
2965 1.081473 
2966 1.008933 
2967 1.067249 
2968 1.138220 
2969 1.115293 
2970 0.858325 
2971 0.968684 
2972 0.995440 
2973 0.927783 
2974 0.803699 
2975 1.016805 
2976 0.962660 
2977 1.010725 
2978 0.966777 
2979 1.084043 
2980 1.131876 
2981 0.780478 
2982 0.982633 
2983 0.979881 
2984 0.896403 
2985 1.082624 
2986 1.134898 
2987 0.994826 
2988 0.912555 
2989 1.101615 
2990 1.004488 
2991 0.959003 
2992 0.964841 
2993 1.169570 
2994 0.852518 
2995 1.211196 
2996 1.096514 
2997 1.039946 
2998 0.875950 
2999 0.935462 
3000 1.034974 
3001 0.819992 
3002 0.947565 
3003 0.807352 
3004 1.217951 
3005 1.047411 
3006 0.907746 
3007 1.074962 
3008 1.038263 
3009 0.961791 
3010 0.999971 
3011 1.181713 
3012 0.945973 
3013 0.834753 
3014 0.948835 
3015 1.036863 
3016 0.969140 
3017 1.109355 
3018 0.930025 
3019 1.069842 
3020 1.208246 
3021 1.118835 
3022 1.105432 
3023 0.847523 
3024 1.027265 
3025 1.003548 
3026 1.078927 
3027 1.232721 
3028 0.897938 
3029 1.058401 
3030 1.106531 
3031 0.850058 
3032 1.016324 
3033 1.109704 
3034 1.121367 
3035 1.112568 
3036 0.928038 
3037 1.048965 
3038 1.224114 
3039 0.992003 
3040 0.926275 
3041 0.958539 
3042 1.018757 
3043 0.867134 
3044 0.916082 
3045 1.090062 
3046 1.059986 
3047 1.059285 
3048 0.971385 
3049 0.988341 
3050 1.182336 
3051 0.996368 
3052 0.984602 
3053 1.157533 
3054 0.822530 
3055 1.048033 
3056 1.076064 
3057 0.964293 
3058 1.204991 
3059 0.974978 
3060 0.874253 
3061 0.804525 
3062 0.900729 
3063 1.051292 
3064 0.987578 
3065 1.014981 
3066 0.869131 
3067 0.928977 
3068 1.131728 
3069 1.084889 
3070 0.901112 
3071 0.876736 
3072 0.982993 
3073 1.015189 
3074 0.932563 
3075 1.069679 
3076 0.847426 
3077 0.841986 
3078 0.919147 
3079 0.989678 
3080 0.788100 
3081 1.016803 
3082 1.130158 
3083 0.752531 
3084 0.985673 
3085 1.001907 
3086 0.979263 
3087 1.108561 
3088 1.016542 
3089 1.022215 
3090 1.169103 
3091 0.920874 
3092 1.017241 
3093 1.057299 
3094 1.054832 
3095 1.042866 
3096 1.010508 
3097 0.983044 
3098 1.047133 
3099 0.938150 
3100 1.108092 
3101 1.074985 
3102 1.048942 
3103 0.916950 
3104 0.833220 
3105 1.038667 
3106 0.995512 
3107 0.965717 
3108 0.878761 
3109 0.841479 
3110 1.217261 
3111 0.955008 
3112 1.034719 
3113 1.034711 
3114 0.886584 
3115 1.043901 
3116 1.000376 
3117 1.325853 
3118 1.104332 
3119 1.067464 
3120 1.010750 
3121 0.862538 
3122 1.106467 
3123 0.993358 
3124 0.945047 
3125 1.286796 
3126 0.909033 
3127 1.152476 
3128 1.054531 
3129 1.033186 
3130 0.942187 
3131 0.963716 
3132 0.982759 
3133 0.897303 
3134 1.070890 
3135 0.987368 
3136 1.015273 
3137 0.898408 
3138 0.933017 
3139 1.065228 
3140 1.035991 
3141 0.856606 
3142 0.931650 
3143 1.017709 
3144 1.007303 
3145 0.947850 
3146 1.218218 
3147 1.083912 
3148 0.980613 
3149 1.046537 
3150 0.940715 
3151 1.007261 
3152 0.987704 
3153 1.029396 
3154 0.893649 
3155 0.849244 
3156 0.964026 
3157 1.056257 
3158 0.902697 
3159 0.885721 
3160 1.015885 
3161 1.055169 
3162 1.176693 
3163 0.873830 
3164 1.086929 
3165 0.915664 
3166 1.000172 
3167 1.028409 
3168 0.979395 
3169 0.957802 
3170 0.883686 
3171 0.998860 
3172 1.050440 
3173 1.162932 
3174 1.089574 
3175 1.158938 
3176 0.986350 
3177 0.933366 
3178 0.993901 
3179 0.959444 
3180 0.869903 
3181 1.094994 
3182 0.956035 
3183 0.941822 
3184 1.006891 
3185 0.999145 
3186 0.935553 
3187 1.176346 
3188 0.848221 
3189 1.158513 
3190 0.900558 
3191 0.985414 
3192 0.910970 
3193 1.100211 
3194 1.029049 
3195 0.852606 
3196 1.113904 
3197 0.933724 
3198 1.001821 
3199 1.085544 
3200 1.030156 
3201 0.907346 
3202 1.001321 
3203 0.909848 
3204 0.820142 
3205 0.943324 
3206 0.932813 
3207 0.982645 
3208 1.100269 
3209 0.968913 
3210 1.105499 
3211 1.059912 
3212 0.937588 
3213 0.983745 
3214 0.947250 
3215 1.068339 
3216 1.142025 
3217 1.064045 
3218 0.871641 
3219 1.028927 
3220 1.036614 
3221 0.905549 
3222 0.996141 
3223 1.053434 
3224 0.884320 
3225 0.900740 
3226 1.042952 
3227 0.996899 
3228 0.853600 
3229 0.943130 
3230 0.799361 
3231 1.050265 
3232 1.098477 
3233 0.897099 
3234 1.032112 
3235 0.977691 
3236 1.043466 
3237 1.120018 
3238 0.950687 
3239 0.989825 
3240 0.891080 
3241 1.001865 
3242 1.138975 
3243 1.118567 
3244 0.983840 
3245 1.006241 
3246 0.995936 
3247 1.029694 
3248 1.060546 
3249 0.950617 
3250 0.847122 
3251 0.954212 
3252 1.080057 
3253 0.992440 
3254 1.011508 
3255 1.014205 
3256 0.877094 
3257 1.074274 
3258 1.004245 
3259 1.148332 
3260 1.008731 
3261 0.794861 
3262 1.007189 
3263 0.792181 
3264 1.005757 
3265 1.090314 
3266 1.075485 
3267 0.856987 
3268 0.973354 
3269 0.870921 
3270 0.889874 
3271 0.971244 
3272 1.011387 
3273 0.926706 
3274 0.946368 
3275 0.878780 
3276 1.067855 
3277 1.019320 
3278 0.907111 
3279 0.913619 
3280 1.163053 
3281 0.823736 
3282 0.808034 
3283 1.068963 
3284 1.030561 
3285 0.997395 
3286 1.032971 
3287 0.953157 
3288 1.078754 
3289 1.017743 
3290 1.090836 
3291 1.181407 
3292 0.996392 
3293 0.833928 
3294 0.979631 
3295 1.018622 
3296 1.003833 
3297 0.854513 
3298 1.010807 
3299 0.798792 
3300 1.017790 
3301 0.920352 
3302 0.874824 
3303 0.974577 
3304 0.903514 
3305 0.917500 
3306 0.982767 
3307 1.047298 
3308 1.084234 
3309 0.918116 
3310 0.915133 
3311 0.944701 
3312 0.952787 
3313 1.202081 
3314 1.045615 
3315 0.998850 
3316 1.141162 
3317 1.017194 
3318 1.048846 
3319 0.869311 
3320 0.962547 
3321 0.854751 
3322 1.015068 
3323 1.003758 
3324 0.855745 
3325 1.070658 
3326 0.975555 
3327 0.932753 
3328 0.971732 
3329 1.170023 
3330 1.152870 
3331 0.916113 
3332 1.020758 
3333 1.066174 
3334 0.915287 
3335 1.155485 
3336 0.929259 
3337 0.967588 
3338 1.049121 
3339 0.902496 
3340 1.055330 
3341 0.886736 
3342 1.153939 
3343 0.985443 
3344 1.174402 
3345 0.950255 
3346 0.866742 
3347 0.937231 
3348 0.938493 
3349 1.072623 
3350 0.961509 
3351 0.773851 
3352 0.932305 
3353 0.911759 
3354 0.948625 
3355 1.116403 
3356 0.977971 
3357 1.061288 
3358 0.991374 
3359 0.952801 
3360 0.872338 
3361 1.124877 
3362 0.831911 
3363 1.132972 
3364 1.028533 
3365 0.993569 
3366 1.160936 
3367 0.924611 
3368 1.263979 
3369 0.979451 
3370 0.995170 
3371 0.902045 
3372 0.815075 
3373 1.019018 
3374 1.030145 
3375 0.981197 
3376 1.193097 
3377 1.006147 
3378 1.029766 
3379 1.075746 
3380 0.965387 
3381 1.019455 
3382 0.950390 
3383 1.091869 
3384 1.132909 
3385 1.114979 
3386 0.963223 
3387 1.043431 
3388 1.126295 
3389 1.025377 
3390 1.072885 
3391 1.237430 
3392 0.993661 
3393 0.893004 
3394 1.071446 
3395 0.918031 
3396 1.066229 
3397 1.011478 
3398 0.991079 
3399 1.180761 
3400 0.841262 
3401 1.163800 
3402 0.928916 
3403 1.096085 
3404 1.002703 
3405 1.081958 
3406 0.997860 
3407 0.862840 
3408 0.856709 
3409 1.025319 
3410 1.169173 
3411 0.994260 
3412 1.133082 
3413 0.849319 
3414 1.059383 
3415 0.933252 
3416 0.872744 
3417 1.153459 
3418 1.003526 
3419 1.053357 
3420 0.992146 
3421 0.899729 
3422 0.974553 
3423 1.033246 
3424 1.050824 
3425 1.036105 
3426 0.711066 
3427 1.075200 
3428 1.131671 
3429 0.929975 
3430 0.936499 
3431 0.946157 
3432 1.023691 
3433 1.053227 
3434 1.001980 
3435 0.951690 
3436 1.045601 
3437 1.029969 
3438 0.888417 
3439 1.085320 
3440 0.869751 
3441 0.922928 
3442 0.830780 
3443 0.732779 
3444 1.031983 
3445 0.910192 
3446 1.173565 
3447 1.181893 
3448 0.997549 
3449 1.047307 
3450 0.871595 
3451 1.044847 
3452 0.867507 
3453 0.937812 
3454 1.017875 
3455 1.262302 
3456 0.942242 
3457 0.879000 
3458 0.923100 
3459 1.049493 
3460 1.050069 
3461 0.821643 
3462 1.172518 
3463 0.825284 
3464 1.034272 
3465 1.100875 
3466 0.935825 
3467 1.052949 
3468 0.918677 
3469 0.956430 
3470 1.120158 
3471 1.197358 
3472 0.948347 
3473 0.969629 
3474 1.072234 
3475 0.992170 
3476 1.008434 
3477 0.851393 
3478 0.850788 
3479 0.964204 
3480 0.973341 
3481 1.131172 
3482 1.084815 
3483 1.050253 
3484 0.974131 
3485 0.856756 
3486 0.893926 
3487 0.929401 
3488 0.745635 
3489 1.086314 
3490 1.065882 
3491 0.838148 
3492 1.000065 
3493 1.021729 
3494 0.959440 
3495 0.802693 
3496 0.901171 
3497 1.103353 
3498 1.143382 
3499 1.098638 
3500 0.833882 
3501 1.057518 
3502 0.956624 
3503 0.736597 
3504 0.932134 
3505 1.021938 
3506 0.931586 
3507 0.913706 
3508 0.946172 
3509 1.015518 
3510 0.925868 
3511 1.078135 
3512 0.958424 
3513 1.195674 
3514 1.150851 
3515 1.103377 
3516 0.951097 
3517 0.940102 
3518 0.947098 
3519 1.061692 
3520 1.142039 
3521 1.007279 
3522 1.095100 
3523 1.095896 
3524 0.932883 
3525 0.987100 
3526 1.028921 
3527 1.042612 
3528 1.055873 
3529 0.887137 
3530 0.936433 
3531 1.080491 
3532 0.971777 
3533 1.201446 
3534 0.927040 
3535 0.945251 
3536 1.060003 
3537 1.074739 
3538 1.066565 
3539 1.097508 
3540 1.126349 
3541 1.015816 
3542 1.075065 
3543 0.895337 
3544 1.139604 
3545 1.005106 
3546 0.841103 
3547 0.970355 
3548 0.952184 
3549 1.005266 
3550 1.036257 
3551 0.853773 
3552 0.998925 
3553 0.834737 
3554 1.003591 
3555 0.852959 
3556 0.989017 
3557 0.695506 
3558 1.193429 
3559 1.066785 
3560 1.002646 
3561 1.015518 
3562 0.937575 
3563 0.943654 
3564 1.067353 
3565 1.148714 
3566 0.975320 
3567 1.138150 
3568 1.047627 
3569 0.996683 
3570 1.041894 
3571 1.166506 
3572 0.858823 
3573 1.096915 
3574 1.278564 
3575 0.880226 
3576 1.038360 
3577 0.976109 
3578 0.878977 
3579 0.886800 
3580 1.158597 
3581 0.904736 
3582 1.129809 
3583 1.065653 
3584 1.070671 
3585 1.027683 
3586 0.958076 
3587 1.087115 
3588 1.196183 
3589 0.906428 
3590 0.885181 
3591 0.981648 
3592 1.039024 
3593 0.952996 
3594 1.049830 
3595 0.980822 
3596 0.967847 
3597 0.773084 
3598 0.772977 
3599 0.868813 
3600 1.012278 
3601 1.026442 
3602 0.837281 
3603 0.956983 
3604 0.923218 
3605 1.052385 
3606 1.141511 
3607 0.944208 
3608 0.866657 
3609 1.121208 
3610 1.010021 
3611 1.024089 
3612 0.994281 
3613 0.957520 
3614 0.899600 
3615 0.918185 
3616 1.207482 
3617 1.085469 
3618 0.861492 
3619 1.182991 
3620 1.104187 
3621 0.928512 
3622 1.120791 
3623 1.118980 
3624 0.892996 
3625 1.193761 
3626 0.964433 
3627 0.872119 
3628 0.843202 
3629 0.945604 
3630 1.034939 
3631 0.923869 
3632 1.027343 
3633 1.049379 
3634 1.077932 
3635 0.952003 
3636 0.944385 
3637 0.959301 
3638 0.957458 
3639 1.071297 
3640 1.078365 
3641 1.142843 
3642 1.034161 
3643 1.063400 
3644 1.009672 
3645 0.955068 
3646 1.053228 
3647 0.906124 
3648 1.034979 
3649 1.033633 
3650 0.978089 
3651 1.002016 
3652 1.009710 
3653 0.932146 
3654 1.103425 
3655 0.817994 
3656 1.110444 
3657 1.079181 
3658 1.124401 
3659 1.018341 
3660 1.064711 
3661 1.048873 
3662 0.924481 
3663 0.995795 
3664 1.117637 
3665 0.841640 
3666 0.879612 
3667 0.975134 
3668 0.852245 
3669 0.896235 
3670 0.900971 
3671 1.000507 
3672 0.809075 
3673 0.903155 
3674 1.139253 
3675 1.030746 
3676 1.224581 
3677 1.133382 
3678 1.048834 
3679 1.030057 
3680 1.186924 
3681 0.964041 
3682 1.111419 
3683 0.903604 
3684 1.103831 
3685 0.911721 
3686 0.927357 
3687 0.962489 
3688 0.753820 
3689 1.191928 
3690 0.945996 
3691 0.913862 
3692 0.848263 
3693 1.097684 
3694 0.911702 
3695 0.925585 
3696 0.945142 
3697 1.008466 
3698 0.797277 
3699 0.900807 
3700 0.946682 
3701 0.866418 
3702 0.836891 
3703 1.041065 
3704 1.105606 
3705 1.104322 
3706 1.012168 
3707 1.053639 
3708 1.146167 
3709 1.044604 
3710 1.138906 
3711 0.987323 
3712 1.107516 
3713 0.909728 
3714 1.002610 
3715 1.173522 
3716 1.049453 
3717 0.980091 
3718 0.924050 
3719 0.933183 
3720 1.082796 
3721 1.033969 
3722 1.179192 
3723 1.028137 
3724 0.972260 
3725 0.972863 
3726 0.908708 
3727 1.119492 
3728 1.063527 
3729 1.110579 
3730 1.011901 
3731 1.072986 
3732 0.997181 
3733 0.939512 
3734 1.081453 
3735 0.939072 
3736 0.820233 
3737 1.047169 
3738 0.955420 
3739 1.078772 
3740 0.863771 
3741 0.904588 
3742 1.047928 
3743 1.062319 
3744 1.291190 
3745 1.074651 
3746 1.018969 
3747 0.819193 
3748 0.967183 
3749 1.088968 
3750 0.857781 
3751 0.858130 
3752 0.955410 
3753 0.975684 
3754 1.053214 
3755 1.100188 
3756 0.759685 
3757 0.987013 
3758 1.049547 
3759 0.911974 
3760 1.193739 
3761 1.018284 
3762 1.035269 
3763 1.026064 
3764 1.099856 
3765 1.097262 
3766 0.850986 
3767 1.093237 
3768 0.930219 
3769 0.853311 
3770 0.944715 
3771 1.110811 
3772 0.931722 
3773 0.930994 
3774 1.032333 
3775 1.001766 
3776 0.856190 
3777 1.034872 
3778 1.042923 
3779 1.117571 
3780 0.869618 
3781 0.881095 
3782 1.088132 
3783 1.091992 
3784 1.058752 
3785 1.232650 
3786 1.208039 
3787 0.885595 
3788 0.981169 
3789 1.057439 
3790 0.924675 
3791 1.147822 
3792 1.107045 
3793 0.829154 
3794 1.123402 
3795 0.951015 
3796 1.109467 
3797 1.142201 
3798 1.166294 
3799 1.056488 
3800 0.991029 
3801 0.838792 
3802 1.045456 
3803 1.107207 
3804 0.942773 
3805 1.059582 
3806 1.081452 
3807 0.952386 
3808 1.073036 
3809 0.933311 
3810 1.078363 
3811 0.976768 
3812 1.059596 
3813 1.118559 
3814 0.971084 
3815 0.951769 
3816 0.844166 
3817 1.078275 
3818 0.902318 
3819 1.081277 
3820 1.035921 
3821 1.019396 
3822 0.991370 
3823 1.035319 
3824 1.116605 
3825 1.069980 
3826 1.057254 
3827 1.003468 
3828 1.056878 
3829 1.177588 
3830 0.853741 
3831 1.042605 
3832 1.016413 
3833 1.030852 
3834 0.876405 
3835 0.908777 
3836 1.241467 
3837 0.913434 
3838 0.950312 
3839 0.959187 
3840 0.824321 
3841 1.213699 
3842 1.206116 
3843 1.049073 
3844 1.017320 
3845 1.008105 
3846 1.098769 
3847 1.012357 
3848 0.989575 
3849 0.972505 
3850 1.043034 
3851 1.092051 
3852 1.056450 
3853 1.192353 
3854 1.111418 
3855 0.897480 
3856 0.986528 
3857 0.961444 
3858 1.057261 
3859 0.870465 
3860 0.943374 
3861 1.080316 
3862 0.967304 
3863 1.156379 
3864 0.973434 
3865 0.921883 
3866 0.892037 
3867 0.863613 
3868 0.991209 
3869 1.073482 
3870 0.934635 
3871 0.943530 
3872 0.941580 
3873 0.997065 
3874 1.005152 
3875 0.844702 
3876 0.985716 
3877 1.209678 
3878 0.998936 
3879 0.939838 
3880 0.990528 
3881 0.930557 
3882 0.855757 
3883 1.161537 
3884 0.873747 
3885 1.131087 
3886 0.997935 
3887 1.108874 
3888 0.919814 
3889 1.201837 
3890 1.015643 
3891 0.790278 
3892 1.028090 
3893 0.993875 
3894 0.925949 
3895 0.978831 
3896 0.814617 
3897 0.908020 
3898 0.714234 
3899 1.074756 
3900 0.965636 
3901 0.947123 
3902 1.101323 
3903 1.047097 
3904 1.140325 
3905 1.041548 
3906 0.991451 
3907 1.096555 
3908 0.786444 
3909 1.072506 
3910 0.883330 
3911 1.010886 
3912 1.036514 
3913 1.227452 
3914 0.993452 
3915 0.926536 
3916 0.975957 
3917 0.905537 
3918 0.930548 
3919 1.102692 
3920 0.875292 
3921 1.013896 
3922 0.972879 
3923 1.210247 
3924 0.859093 
3925 0.881605 
3926 1.002409 
3927 0.991759 
3928 0.992427 
3929 0.941441 
3930 0.880514 
3931 1.019351 
3932 1.096550 
3933 1.063477 
3934 1.020863 
3935 1.104608 
3936 0.950529 
3937 1.096848 
3938 1.051373 
3939 1.211062 
3940 0.917477 
3941 0.922121 
3942 0.902356 
3943 1.033240 
3944 1.064217 
3945 0.929120 
3946 1.036426 
3947 0.878415 
3948 0.975438 
3949 1.032728 
3950 0.850808 
3951 1.027171 
3952 1.021885 
3953 1.099188 
3954 1.034464 
3955 1.102664 
3956 1.077468 
3957 1.142850 
3958 0.869582 
3959 1.008763 
3960 1.010723 
3961 0.742271 
3962 0.984231 
3963 1.019403 
3964 1.264333 
3965 1.109730 
3966 0.880413 
3967 0.936486 
3968 0.855626 
3969 1.090865 
3970 1.204503 
3971 0.976174 
3972 1.034258 
3973 1.123109 
3974 0.975743 
3975 0.934259 
3976 0.812054 
3977 0.917573 
3978 0.956570 
3979 0.933833 
3980 1.115456 
3981 0.920522 
3982 1.078534 
3983 1.116732 
3984 1.014383 
3985 0.917327 
3986 0.884436 
3987 1.017123 
3988 0.867681 
3989 1.068872 
3990 1.137193 
3991 1.072828 
3992 1.061158 
3993 0.906735 
3994 0.894522 
3995 1.034168 
3996 0.940063 
3997 0.950740 
3998 0.988879 
3999 0.912227 
