0 1.047406 
1 1.110816 
2 0.989324 
3 0.994023 
4 0.948575 
5 0.981541 
6 1.025859 
7 1.021813 
8 1.019350 
9 0.957204 
10 1.001869 
11 1.128605 
12 1.027194 
13 1.001706 
14 0.934027 
15 1.057670 
16 1.004807 
17 0.944946 
18 1.015846 
19 1.062661 
20 0.901500 
21 0.906361 
22 1.011476 
23 0.966652 
24 1.004542 
25 1.022809 
26 0.990219 
27 0.970274 
28 1.098715 
29 0.892086 
30 0.934128 
31 0.943632 
32 0.991275 
33 0.918490 
34 1.019595 
35 0.966851 
36 1.024364 
37 0.941295 
38 0.869341 
39 0.998455 
40 0.897223 
41 1.095443 
42 0.925475 
43 1.018070 
44 1.002580 
45 0.975258 
46 1.060935 
47 0.967376 
48 0.936911 
49 0.924959 
50 1.044565 
51 0.999618 
52 1.018035 
53 0.990523 
54 0.908308 
55 1.033715 
56 0.972395 
57 0.933261 
58 0.973235 
59 1.088672 
60 1.081990 
61 1.014774 
62 1.042884 
63 1.028810 
64 0.925956 
65 0.937660 
66 1.021451 
67 0.982567 
68 1.030818 
69 0.986949 
70 0.919916 
71 0.978081 
72 0.948071 
73 1.013920 
74 1.099426 
75 0.950698 
76 0.977855 
77 1.032753 
78 1.132177 
79 1.132861 
80 0.986430 
81 1.163900 
82 1.010510 
83 1.024194 
84 1.015221 
85 1.016923 
86 1.017640 
87 0.979110 
88 1.039233 
89 1.009564 
90 0.873945 
91 1.030158 
92 0.988929 
93 1.101784 
94 0.817376 
95 1.075961 
96 0.922223 
97 1.134009 
98 1.089323 
99 0.991138 
100 0.950537 
101 1.030497 
102 1.000260 
103 1.079093 
104 1.156857 
105 0.849249 
106 1.033924 
107 1.027143 
108 0.888406 
109 0.951665 
110 1.070113 
111 1.034203 
112 0.984690 
113 1.044654 
114 0.953927 
115 0.927155 
116 0.914655 
117 1.019475 
118 1.059984 
119 0.967254 
120 1.019412 
121 1.077469 
122 0.907084 
123 0.975101 
124 1.040463 
125 1.020274 
126 1.163662 
127 0.973990 
128 0.872177 
129 0.957263 
130 1.031213 
131 0.937068 
132 1.004589 
133 1.092009 
134 1.105668 
135 1.031097 
136 0.983688 
137 1.013305 
138 0.978941 
139 1.079527 
140 1.002496 
141 0.964778 
142 1.105973 
143 0.926256 
144 0.922028 
145 1.004919 
146 0.962976 
147 0.985286 
148 0.980600 
149 1.074069 
150 0.945821 
151 1.071687 
152 1.124378 
153 0.892399 
154 1.062151 
155 1.093044 
156 1.145111 
157 0.981892 
158 1.030695 
159 1.104913 
160 0.885681 
161 1.070859 
162 1.022444 
163 0.974834 
164 0.903348 
165 0.986773 
166 1.019386 
167 0.925651 
168 0.944601 
169 0.846369 
170 0.850415 
171 1.080162 
172 0.948398 
173 1.010431 
174 1.091896 
175 1.017405 
176 1.055604 
177 0.922132 
178 1.006731 
179 1.034780 
180 1.038373 
181 0.886514 
182 0.900924 
183 1.007410 
184 0.960547 
185 0.894270 
186 0.999007 
187 0.895341 
188 1.058329 
189 1.013671 
190 0.999198 
191 0.916118 
192 0.957791 
193 1.050969 
194 0.960002 
195 0.936945 
196 1.021660 
197 0.878792 
198 1.123210 
199 0.979555 
200 0.922770 
201 1.026924 
202 0.903633 
203 1.023638 
204 0.966568 
205 1.077429 
206 0.909596 
207 0.955797 
208 0.963210 
209 1.071900 
210 1.180999 
211 0.960863 
212 1.063325 
213 0.990947 
214 1.054339 
215 0.981295 
216 0.993159 
217 0.994093 
218 0.883733 
219 0.830755 
220 0.963891 
221 1.024071 
222 1.045243 
223 1.049821 
224 1.000122 
225 0.968021 
226 1.047924 
227 1.025848 
228 0.916207 
229 1.105175 
230 1.117840 
231 1.034980 
232 0.961149 
233 0.955043 
234 1.071683 
235 1.199648 
236 0.980519 
237 0.995887 
238 1.021862 
239 0.939125 
240 0.957673 
241 0.999613 
242 0.978330 
243 1.049070 
244 0.996405 
245 0.735202 
246 0.995033 
247 1.131669 
248 1.066516 
249 0.928375 
250 1.093396 
251 1.031655 
252 0.925415 
253 1.099809 
254 1.041754 
255 1.045004 
256 1.075162 
257 0.964976 
258 1.028459 
259 1.062942 
260 0.967812 
261 1.001833 
262 0.859391 
263 0.928551 
264 0.954369 
265 0.896131 
266 0.937481 
267 1.017399 
268 1.002364 
269 0.967883 
270 1.122172 
271 0.939561 
272 1.020822 
273 1.027205 
274 0.964702 
275 0.991868 
276 0.890750 
277 1.080068 
278 1.007897 
279 1.007582 
280 0.991571 
281 0.967880 
282 0.933960 
283 1.027720 
284 0.963766 
285 0.977026 
286 1.115762 
287 1.034494 
288 0.960487 
289 1.086378 
290 1.022008 
291 0.887321 
292 1.050290 
293 1.112915 
294 1.135350 
295 0.974237 
296 0.928465 
297 1.009778 
298 1.012917 
299 0.881824 
300 1.039476 
301 1.008782 
302 1.015170 
303 0.923570 
304 0.972642 
305 0.975044 
306 1.039749 
307 1.017913 
308 0.934426 
309 0.940116 
310 0.987853 
311 1.047748 
312 1.002096 
313 1.049723 
314 0.983360 
315 1.075282 
316 1.035528 
317 0.907432 
318 1.064164 
319 1.105948 
320 1.051183 
321 0.977147 
322 1.044772 
323 1.079850 
324 1.010985 
325 1.035999 
326 1.092792 
327 1.099736 
328 1.087541 
329 1.051965 
330 1.077800 
331 0.931860 
332 0.942799 
333 0.998264 
334 1.075996 
335 1.038039 
336 0.952992 
337 0.951483 
338 0.949459 
339 0.882990 
340 1.128492 
341 1.010240 
342 1.097330 
343 0.981083 
344 0.967150 
345 0.999135 
346 1.042383 
347 1.014868 
348 1.016657 
349 0.916244 
350 0.839656 
351 1.050644 
352 1.027162 
353 1.037050 
354 1.116398 
355 1.059526 
356 0.974189 
357 0.986888 
358 0.989558 
359 1.005322 
360 0.995908 
361 1.134115 
362 0.843475 
363 0.945977 
364 0.952893 
365 1.040647 
366 1.057669 
367 1.041553 
368 0.980584 
369 0.975595 
370 0.944534 
371 0.959471 
372 0.949021 
373 0.917917 
374 0.977161 
375 1.157022 
376 1.049283 
377 1.187190 
378 0.927827 
379 0.942523 
380 1.016013 
381 0.891189 
382 1.038409 
383 1.138478 
384 1.063809 
385 0.944273 
386 1.078027 
387 0.991561 
388 1.104457 
389 1.100703 
390 0.952846 
391 0.952659 
392 1.067080 
393 1.052590 
394 1.039700 
395 0.988123 
396 1.009278 
397 1.037856 
398 0.987111 
399 1.003141 
400 1.051302 
401 1.003513 
402 1.028816 
403 1.001769 
404 1.090660 
405 0.927877 
406 0.854698 
407 0.962500 
408 0.951710 
409 1.006446 
410 0.955341 
411 1.027323 
412 0.909383 
413 1.062518 
414 1.064848 
415 0.918434 
416 1.100610 
417 1.068998 
418 1.040529 
419 0.974067 
420 0.819707 
421 0.996097 
422 0.935834 
423 1.062858 
424 0.947096 
425 0.964207 
426 1.037615 
427 0.969022 
428 1.067062 
429 0.863610 
430 0.926066 
431 0.991590 
432 0.943345 
433 1.043199 
434 0.880614 
435 0.948320 
436 1.076594 
437 0.977261 
438 0.937761 
439 1.107775 
440 0.901961 
441 0.875497 
442 1.010713 
443 1.043153 
444 0.962811 
445 1.015527 
446 1.007552 
447 1.081282 
448 1.020555 
449 1.001148 
450 1.105081 
451 1.097491 
452 1.048873 
453 1.041689 
454 0.829894 
455 1.085878 
456 0.989075 
457 0.874367 
458 0.915606 
459 0.976495 
460 1.056897 
461 1.207740 
462 0.986897 
463 0.982093 
464 0.975017 
465 0.955782 
466 0.989041 
467 1.001874 
468 1.003595 
469 0.966318 
470 0.977169 
471 1.060471 
472 0.897611 
473 0.996909 
474 0.988350 
475 0.953536 
476 0.948274 
477 1.032902 
478 0.949651 
479 0.978018 
480 1.017398 
481 0.929261 
482 1.134392 
483 0.949802 
484 1.035302 
485 0.879056 
486 1.042159 
487 1.067724 
488 0.962597 
489 0.929481 
490 0.910123 
491 0.912902 
492 1.026873 
493 0.999828 
494 0.973112 
495 0.963177 
496 0.999727 
497 1.072231 
498 1.091352 
499 1.026727 
500 0.961723 
501 0.905183 
502 1.008270 
503 0.927857 
504 1.019962 
505 0.921388 
506 0.992898 
507 1.045469 
508 0.972493 
509 0.997349 
510 1.211241 
511 0.916743 
512 1.002902 
513 1.037403 
514 1.005852 
515 0.980938 
516 1.062185 
517 0.896377 
518 1.054799 
519 0.856210 
520 0.970415 
521 1.085616 
522 0.987726 
523 0.897788 
524 0.929559 
525 0.891287 
526 1.110980 
527 0.995531 
528 0.966668 
529 1.028802 
530 0.985696 
531 1.007529 
532 0.971438 
533 0.968173 
534 1.100651 
535 0.984021 
536 0.842099 
537 1.020961 
538 0.948684 
539 0.962036 
540 0.997403 
541 1.048598 
542 1.023917 
543 1.121119 
544 0.946422 
545 0.940781 
546 1.086944 
547 0.967475 
548 0.933953 
549 1.000849 
550 0.887744 
551 0.922272 
552 0.988577 
553 1.002785 
554 1.076144 
555 0.880682 
556 1.026536 
557 0.917373 
558 1.024090 
559 1.116551 
560 1.056975 
561 0.983770 
562 0.920650 
563 1.060237 
564 1.130442 
565 0.971813 
566 1.041634 
567 0.803506 
568 0.869259 
569 0.892294 
570 0.942237 
571 0.972985 
572 0.901175 
573 0.912888 
574 0.928270 
575 0.978266 
576 0.979363 
577 0.867237 
578 0.754385 
579 0.948564 
580 1.002349 
581 0.955828 
582 0.930597 
583 1.048790 
584 1.106452 
585 1.029818 
586 0.942767 
587 1.000467 
588 1.028506 
589 1.038848 
590 0.935920 
591 0.974249 
592 1.051406 
593 1.008601 
594 1.077992 
595 0.940987 
596 0.930717 
597 0.937345 
598 1.044172 
599 0.990403 
600 0.953178 
601 1.090610 
602 0.998760 
603 1.161386 
604 0.955331 
605 0.967551 
606 0.999130 
607 1.183076 
608 1.099884 
609 1.000008 
610 1.018509 
611 0.954662 
612 1.119486 
613 1.070994 
614 1.010269 
615 1.017822 
616 1.013896 
617 1.066072 
618 1.150182 
619 1.062896 
620 0.970057 
621 0.916226 
622 0.987886 
623 1.022196 
624 1.092958 
625 1.123059 
626 1.036973 
627 1.047714 
628 0.873853 
629 1.013878 
630 0.911904 
631 0.988839 
632 1.035899 
633 0.968338 
634 0.923812 
635 0.995328 
636 0.914092 
637 0.915463 
638 1.065832 
639 0.980428 
640 0.994762 
641 1.069747 
642 0.901826 
643 0.930418 
644 0.957078 
645 0.936597 
646 1.068289 
647 1.038797 
648 1.144743 
649 1.101463 
650 0.978811 
651 1.091473 
652 0.877372 
653 0.901993 
654 1.010206 
655 0.916186 
656 1.108215 
657 1.065773 
658 0.970782 
659 0.984641 
660 1.060536 
661 0.932443 
662 1.064607 
663 1.064887 
664 1.059646 
665 0.972278 
666 1.059997 
667 0.925329 
668 0.953539 
669 0.989313 
670 1.026329 
671 1.018434 
672 1.042289 
673 1.022630 
674 1.113052 
675 1.019046 
676 1.128062 
677 0.972088 
678 1.036346 
679 0.926183 
680 1.004214 
681 0.947616 
682 0.955738 
683 0.916240 
684 1.127862 
685 0.964138 
686 0.931147 
687 0.988691 
688 0.987366 
689 0.983255 
690 0.906536 
691 0.953774 
692 0.932123 
693 1.061945 
694 0.906871 
695 0.982698 
696 0.880709 
697 1.101475 
698 0.935676 
699 1.046467 
700 0.950006 
701 0.973229 
702 1.023242 
703 0.906054 
704 1.003205 
705 0.895365 
706 1.042810 
707 0.859411 
708 1.056773 
709 1.078750 
710 0.913490 
711 0.899116 
712 0.989160 
713 1.104348 
714 1.081769 
715 0.960157 
716 1.038464 
717 1.071831 
718 1.010833 
719 0.961353 
720 0.831447 
721 0.978648 
722 0.981166 
723 1.139933 
724 0.895705 
725 0.971029 
726 1.041606 
727 1.104311 
728 1.054246 
729 1.059447 
730 0.885657 
731 0.976192 
732 1.127753 
733 1.082879 
734 1.020026 
735 1.063564 
736 1.005721 
737 0.986505 
738 1.064076 
739 0.975480 
740 1.102450 
741 0.897314 
742 1.075564 
743 0.940626 
744 0.916269 
745 0.989465 
746 1.036611 
747 1.122507 
748 1.071885 
749 1.161793 
750 0.974647 
751 0.928298 
752 0.984453 
753 0.938319 
754 1.006667 
755 1.027407 
756 0.949115 
757 1.060290 
758 0.975866 
759 1.034506 
760 0.989999 
761 1.033404 
762 1.147921 
763 0.994122 
764 1.129441 
765 1.016846 
766 0.908287 
767 0.935295 
768 0.875903 
769 0.916879 
770 0.900531 
771 1.040212 
772 1.022124 
773 1.039497 
774 0.901875 
775 0.998647 
776 0.996213 
777 0.968545 
778 0.949033 
779 0.958642 
780 0.981077 
781 1.040317 
782 1.085421 
783 0.946780 
784 1.096315 
785 1.102075 
786 1.086817 
787 1.152851 
788 1.086131 
789 0.871001 
790 0.947673 
791 1.025274 
792 0.897781 
793 0.839300 
794 1.034020 
795 1.048129 
796 1.017749 
797 1.099395 
798 1.123459 
799 0.914734 
800 1.016232 
801 1.160158 
802 0.933311 
803 1.004948 
804 1.098920 
805 0.968294 
806 0.975340 
807 0.954748 
808 0.977660 
809 1.002929 
810 1.085006 
811 0.916503 
812 1.028279 
813 1.050700 
814 1.016513 
815 1.017867 
816 1.079335 
817 1.063553 
818 0.945862 
819 0.988559 
820 0.928305 
821 1.087047 
822 0.835207 
823 0.886233 
824 1.068992 
825 0.969923 
826 1.044012 
827 0.977453 
828 1.050112 
829 1.023094 
830 1.038357 
831 1.064794 
832 1.006270 
833 1.037213 
834 0.987267 
835 1.002954 
836 1.028343 
837 0.993372 
838 1.155444 
839 0.934900 
840 1.002084 
841 1.064219 
842 0.895280 
843 1.009103 
844 1.143576 
845 1.035550 
846 1.046347 
847 0.863480 
848 0.889981 
849 1.103247 
850 1.170011 
851 1.087752 
852 0.979813 
853 0.968775 
854 1.042798 
855 1.014357 
856 0.901787 
857 0.899674 
858 1.071524 
859 0.965218 
860 0.949239 
861 1.050633 
862 0.973739 
863 1.034507 
864 1.075779 
865 0.913726 
866 1.048111 
867 0.990110 
868 0.971146 
869 1.025460 
870 1.022359 
871 0.971942 
872 1.065007 
873 0.969328 
874 1.014233 
875 0.946927 
876 0.897505 
877 1.030079 
878 0.981631 
879 1.050437 
880 0.953461 
881 1.086625 
882 0.970339 
883 0.981116 
884 0.950435 
885 0.895133 
886 0.998620 
887 0.938223 
888 1.015615 
889 1.057736 
890 0.987244 
891 0.996604 
892 0.963791 
893 0.966356 
894 1.011548 
895 1.035569 
896 0.924631 
897 1.016012 
898 0.820895 
899 0.944722 
900 0.976005 
901 0.902532 
902 0.995385 
903 1.121645 
904 0.999767 
905 0.946247 
906 0.872236 
907 1.024016 
908 0.954521 
909 0.943600 
910 0.866245 
911 1.031835 
912 1.060891 
913 0.963386 
914 0.988146 
915 1.067226 
916 1.144572 
917 0.884431 
918 0.917366 
919 1.025570 
920 0.992685 
921 1.134603 
922 1.002743 
923 0.965751 
924 1.069199 
925 0.966797 
926 1.011136 
927 0.950317 
928 1.003484 
929 0.957730 
930 1.050095 
931 0.875655 
932 1.060555 
933 0.964409 
934 0.885146 
935 1.054056 
936 1.037991 
937 0.982807 
938 0.987448 
939 0.893720 
940 0.987281 
941 0.935837 
942 0.956339 
943 1.034198 
944 0.971148 
945 0.875006 
946 0.927424 
947 1.159966 
948 1.066204 
949 1.030677 
950 0.970097 
951 1.098129 
952 0.974458 
953 0.995257 
954 0.877217 
955 1.072315 
956 1.030189 
957 0.870042 
958 0.996499 
959 0.993207 
960 1.101859 
961 0.975748 
962 0.924612 
963 0.977785 
964 0.865059 
965 1.047996 
966 1.044551 
967 1.018718 
968 1.022315 
969 0.948763 
970 1.115315 
971 1.131513 
972 0.904442 
973 0.898419 
974 0.954925 
975 0.872820 
976 0.907175 
977 0.947510 
978 0.984602 
979 1.107040 
980 1.010604 
981 0.982972 
982 1.005174 
983 0.954165 
984 1.055410 
985 0.940196 
986 1.083132 
987 1.062152 
988 0.975923 
989 1.108585 
990 0.882096 
991 0.934341 
992 0.901132 
993 1.015622 
994 0.999406 
995 1.003978 
996 0.944892 
997 0.960396 
998 0.899193 
999 1.112645 
1000 0.996751 
1001 1.045130 
1002 0.959249 
1003 0.925814 
1004 1.057940 
1005 1.017052 
1006 0.911646 
1007 0.952250 
1008 0.922632 
1009 0.979939 
1010 1.006099 
1011 0.989636 
1012 0.988714 
1013 1.029499 
1014 0.918423 
1015 1.087119 
1016 0.958240 
1017 0.896835 
1018 1.065198 
1019 1.034705 
1020 1.137354 
1021 1.105678 
1022 0.963346 
1023 0.981354 
1024 1.162283 
1025 0.944280 
1026 0.919868 
1027 1.020527 
1028 0.931573 
1029 0.997231 
1030 1.009071 
1031 0.924006 
1032 0.998005 
1033 0.982901 
1034 1.079924 
1035 1.023308 
1036 1.023929 
1037 0.915973 
1038 1.004971 
1039 0.934300 
1040 1.009541 
1041 1.019476 
1042 1.049789 
1043 1.077156 
1044 1.152035 
1045 1.035074 
1046 0.919416 
1047 1.041156 
1048 0.879111 
1049 1.064771 
1050 0.997623 
1051 0.981144 
1052 0.937343 
1053 0.880276 
1054 1.047480 
1055 0.906143 
1056 0.876178 
1057 0.956713 
1058 0.913103 
1059 1.022774 
1060 1.044622 
1061 1.010295 
1062 1.014057 
1063 0.942500 
1064 1.091535 
1065 1.026076 
1066 1.012136 
1067 0.828388 
1068 1.004464 
1069 0.956173 
1070 0.961058 
1071 1.007730 
1072 1.030791 
1073 1.070707 
1074 1.035350 
1075 0.949525 
1076 1.026742 
1077 0.996575 
1078 1.072209 
1079 0.967090 
1080 1.002492 
1081 0.977529 
1082 0.972091 
1083 1.031201 
1084 0.959302 
1085 1.137779 
1086 1.138703 
1087 0.971096 
1088 0.885426 
1089 1.055040 
1090 0.967564 
1091 1.052321 
1092 0.873103 
1093 1.146352 
1094 1.013582 
1095 1.055853 
1096 1.051061 
1097 0.933686 
1098 1.008061 
1099 0.967043 
1100 0.991607 
1101 1.022715 
1102 1.066808 
1103 1.091846 
1104 1.113161 
1105 1.032316 
1106 0.959870 
1107 0.941338 
1108 0.990650 
1109 0.980005 
1110 0.901539 
1111 1.083343 
1112 1.012821 
1113 0.908058 
1114 1.029905 
1115 1.005866 
1116 1.024314 
1117 0.996109 
1118 1.009407 
1119 0.995230 
1120 0.901047 
1121 0.986505 
1122 0.955861 
1123 1.016694 
1124 1.004342 
1125 0.973962 
1126 1.029533 
1127 1.020768 
1128 1.081148 
1129 0.983857 
1130 1.005500 
1131 0.948792 
1132 1.041164 
1133 1.100572 
1134 1.081119 
1135 1.075031 
1136 0.988895 
1137 1.134657 
1138 1.015510 
1139 1.011715 
1140 0.931991 
1141 0.981191 
1142 0.970454 
1143 1.016794 
1144 0.957888 
1145 0.937327 
1146 1.032441 
1147 1.170310 
1148 1.021383 
1149 0.907493 
1150 0.981606 
1151 0.952856 
1152 1.069102 
1153 0.999070 
1154 1.088261 
1155 1.036071 
1156 1.028050 
1157 1.126920 
1158 0.968167 
1159 1.008221 
1160 0.976765 
1161 0.953276 
1162 1.067606 
1163 0.930493 
1164 1.107872 
1165 1.115157 
1166 0.937580 
1167 1.087441 
1168 0.963957 
1169 0.962692 
1170 0.994282 
1171 0.924315 
1172 0.933204 
1173 1.037614 
1174 1.062773 
1175 0.934664 
1176 0.877196 
1177 1.080197 
1178 0.930046 
1179 1.010669 
1180 0.867209 
1181 0.907595 
1182 0.915595 
1183 0.980964 
1184 0.985347 
1185 0.996246 
1186 1.143108 
1187 0.905487 
1188 0.971268 
1189 1.001770 
1190 0.958576 
1191 0.868836 
1192 0.996448 
1193 0.997207 
1194 1.110047 
1195 1.020457 
1196 1.052918 
1197 0.990447 
1198 0.982627 
1199 0.882089 
1200 0.997482 
1201 0.854498 
1202 1.047224 
1203 1.107807 
1204 1.044720 
1205 0.953977 
1206 0.943081 
1207 1.004846 
1208 1.002393 
1209 1.130106 
1210 1.020470 
1211 1.034551 
1212 0.935440 
1213 0.961592 
1214 1.046602 
1215 1.000290 
1216 0.961501 
1217 1.064537 
1218 1.010953 
1219 0.953551 
1220 1.108835 
1221 0.899859 
1222 0.966373 
1223 0.852443 
1224 0.883891 
1225 0.960487 
1226 0.996221 
1227 0.931946 
1228 0.972198 
1229 1.156478 
1230 1.016314 
1231 0.903584 
1232 0.948218 
1233 0.948405 
1234 0.990557 
1235 0.970730 
1236 1.070250 
1237 1.034071 
1238 0.948056 
1239 0.961354 
1240 0.991573 
1241 1.099445 
1242 0.907684 
1243 1.099106 
1244 1.058629 
1245 1.078069 
1246 1.041514 
1247 1.006403 
1248 1.046654 
1249 0.959363 
1250 1.013823 
1251 1.058012 
1252 0.989871 
1253 1.090558 
1254 1.025091 
1255 1.021563 
1256 0.957217 
1257 1.092870 
1258 1.033969 
1259 0.967958 
1260 0.934051 
1261 1.054121 
1262 0.914456 
1263 0.956277 
1264 0.959598 
1265 0.994691 
1266 1.039621 
1267 1.095142 
1268 1.047986 
1269 1.134412 
1270 1.100917 
1271 1.113205 
1272 0.948205 
1273 1.062954 
1274 1.020557 
1275 1.044263 
1276 1.006325 
1277 0.968750 
1278 0.950320 
1279 0.909512 
1280 1.015921 
1281 0.975455 
1282 0.951350 
1283 0.968825 
1284 0.960067 
1285 1.019378 
1286 1.041289 
1287 1.034697 
1288 1.036406 
1289 0.892758 
1290 1.119043 
1291 0.986792 
1292 1.008688 
1293 1.139296 
1294 0.962565 
1295 1.088025 
1296 1.019144 
1297 1.054367 
1298 1.002738 
1299 0.992678 
1300 0.986361 
1301 1.042608 
1302 1.120626 
1303 0.908978 
1304 0.982231 
1305 1.017248 
1306 0.976992 
1307 1.015280 
1308 1.063229 
1309 1.061786 
1310 0.982204 
1311 1.003570 
1312 1.052748 
1313 0.984194 
1314 0.973755 
1315 0.953022 
1316 0.941620 
1317 1.019306 
1318 0.927633 
1319 1.032376 
1320 0.988783 
1321 0.987236 
1322 0.941160 
1323 1.005874 
1324 0.981742 
1325 1.021502 
1326 0.935894 
1327 0.847776 
1328 0.979377 
1329 1.127021 
1330 0.880313 
1331 0.851602 
1332 1.009772 
1333 0.981607 
1334 1.055477 
1335 0.989378 
1336 1.043539 
1337 0.920062 
1338 0.984506 
1339 0.863044 
1340 1.031490 
1341 0.923271 
1342 0.973592 
1343 1.111007 
1344 1.002457 
1345 0.897897 
1346 0.875214 
1347 0.978184 
1348 0.941081 
1349 0.999496 
1350 1.017077 
1351 0.998295 
1352 1.075895 
1353 1.115209 
1354 0.949639 
1355 1.001980 
1356 0.967096 
1357 1.044406 
1358 0.999126 
1359 0.934210 
1360 1.136863 
1361 0.930651 
1362 1.126196 
1363 1.055911 
1364 0.904977 
1365 0.988468 
1366 0.905981 
1367 0.941366 
1368 1.165449 
1369 1.003458 
1370 0.981317 
1371 1.051706 
1372 0.975602 
1373 0.887354 
1374 1.023984 
1375 0.953371 
1376 1.061124 
1377 1.134944 
1378 1.066809 
1379 0.966768 
1380 1.019236 
1381 1.032121 
1382 0.971257 
1383 0.935891 
1384 1.025636 
1385 1.115769 
1386 1.051892 
1387 1.063227 
1388 0.955052 
1389 1.075554 
1390 1.008923 
1391 1.042067 
1392 0.942931 
1393 1.079296 
1394 0.999659 
1395 0.999395 
1396 0.898642 
1397 1.056033 
1398 0.909828 
1399 0.947412 
1400 0.868672 
1401 1.048278 
1402 1.019130 
1403 1.031432 
1404 1.019795 
1405 1.017357 
1406 0.923930 
1407 0.966253 
1408 0.864947 
1409 1.026089 
1410 0.927037 
1411 1.107555 
1412 1.049974 
1413 1.074011 
1414 0.811085 
1415 1.094417 
1416 0.938638 
1417 0.993867 
1418 0.952075 
1419 1.025191 
1420 0.969586 
1421 0.954293 
1422 1.045695 
1423 1.104802 
1424 1.161421 
1425 0.944282 
1426 0.985753 
1427 1.052905 
1428 0.958503 
1429 0.984824 
1430 0.997621 
1431 1.071278 
1432 1.145622 
1433 0.950324 
1434 1.061378 
1435 1.048482 
1436 0.925993 
1437 0.997087 
1438 0.937802 
1439 0.964842 
1440 1.065417 
1441 1.065415 
1442 0.963174 
1443 0.993702 
1444 0.994347 
1445 1.114676 
1446 1.042876 
1447 0.962048 
1448 1.008692 
1449 0.986892 
1450 0.955455 
1451 1.034271 
1452 1.055360 
1453 1.025851 
1454 1.060152 
1455 1.047039 
1456 0.997306 
1457 0.962267 
1458 1.003740 
1459 0.964597 
1460 0.929429 
1461 0.940463 
1462 0.921877 
1463 1.054524 
1464 1.030689 
1465 0.929661 
1466 1.029696 
1467 1.107602 
1468 0.979265 
1469 0.950378 
1470 0.987555 
1471 1.109970 
1472 1.026160 
1473 0.897402 
1474 0.911679 
1475 1.021678 
1476 0.945364 
1477 1.055332 
1478 1.136130 
1479 1.024828 
1480 0.976881 
1481 1.015743 
1482 1.154822 
1483 0.858526 
1484 0.884917 
1485 0.965257 
1486 1.036121 
1487 0.948093 
1488 0.923521 
1489 1.034670 
1490 0.978620 
1491 1.051125 
1492 1.066322 
1493 0.951362 
1494 0.990065 
1495 0.945083 
1496 0.926284 
1497 0.805434 
1498 0.959879 
1499 0.969046 
1500 0.858403 
1501 1.074836 
1502 0.994680 
1503 0.993550 
1504 1.102286 
1505 1.067281 
1506 0.954313 
1507 0.968369 
1508 1.045889 
1509 1.087890 
1510 1.052661 
1511 0.976773 
1512 1.081362 
1513 0.984973 
1514 1.023429 
1515 1.071043 
1516 1.062557 
1517 0.880553 
1518 1.073074 
1519 1.091616 
1520 0.879945 
1521 0.953141 
1522 1.101726 
1523 1.123410 
1524 1.097931 
1525 1.036622 
1526 0.905174 
1527 1.014731 
1528 0.920132 
1529 0.939689 
1530 0.973677 
1531 1.047567 
1532 0.973609 
1533 0.850142 
1534 1.002709 
1535 0.823141 
1536 1.004426 
1537 1.069103 
1538 0.997085 
1539 1.135299 
1540 1.020612 
1541 0.940777 
1542 0.988277 
1543 0.986588 
1544 0.990833 
1545 1.119066 
1546 1.009956 
1547 0.997769 
1548 1.032685 
1549 0.897083 
1550 0.891190 
1551 0.942233 
1552 0.935243 
1553 1.119751 
1554 1.036773 
1555 1.019931 
1556 0.941932 
1557 0.960949 
1558 1.086983 
1559 1.069768 
1560 1.024470 
1561 0.849706 
1562 1.017422 
1563 0.943060 
1564 0.848644 
1565 0.971692 
1566 1.096141 
1567 1.005350 
1568 1.006004 
1569 1.036547 
1570 0.995234 
1571 1.015557 
1572 1.118314 
1573 0.959803 
1574 0.953793 
1575 0.920394 
1576 0.907725 
1577 1.058906 
1578 1.093403 
1579 0.874672 
1580 0.950719 
1581 0.901543 
1582 1.024289 
1583 1.012631 
1584 1.051463 
1585 1.013722 
1586 1.006917 
1587 1.123412 
1588 0.975329 
1589 1.053006 
1590 1.011772 
1591 0.967212 
1592 1.009482 
1593 0.961424 
1594 1.004868 
1595 0.926831 
1596 1.072455 
1597 0.972300 
1598 0.934837 
1599 0.989353 
1600 1.023306 
1601 1.046015 
1602 0.945136 
1603 1.038310 
1604 0.959542 
1605 1.077663 
1606 1.199073 
1607 0.979023 
1608 1.136774 
1609 1.042588 
1610 0.902306 
1611 1.026006 
1612 0.926425 
1613 0.955281 
1614 0.881774 
1615 0.940216 
1616 0.925139 
1617 1.066586 
1618 1.105274 
1619 0.996997 
1620 0.924250 
1621 1.026851 
1622 1.035702 
1623 1.038161 
1624 1.058882 
1625 1.029053 
1626 1.004648 
1627 0.994926 
1628 0.958531 
1629 1.101323 
1630 1.045566 
1631 1.126347 
1632 0.953957 
1633 1.040476 
1634 0.969319 
1635 0.835147 
1636 1.084148 
1637 0.959368 
1638 0.959170 
1639 0.908375 
1640 1.006379 
1641 1.029366 
1642 1.008817 
1643 0.973129 
1644 1.074480 
1645 1.177781 
1646 1.031466 
1647 1.141501 
1648 0.979266 
1649 0.943426 
1650 0.961647 
1651 0.987777 
1652 1.116870 
1653 0.975309 
1654 0.966982 
1655 1.012643 
1656 1.126938 
1657 0.992469 
1658 0.883974 
1659 0.910623 
1660 0.887427 
1661 1.066688 
1662 1.018364 
1663 1.059886 
1664 0.998433 
1665 1.090780 
1666 0.980120 
1667 0.921432 
1668 0.928647 
1669 1.075779 
1670 0.919339 
1671 0.963085 
1672 1.024372 
1673 1.007435 
1674 1.138364 
1675 1.037604 
1676 0.980912 
1677 0.987674 
1678 1.051130 
1679 0.911344 
1680 0.944197 
1681 1.057176 
1682 1.071921 
1683 0.912466 
1684 0.960386 
1685 1.057385 
1686 1.105339 
1687 0.927937 
1688 0.931860 
1689 1.069993 
1690 1.050922 
1691 1.135336 
1692 0.995888 
1693 0.991219 
1694 1.103789 
1695 1.006334 
1696 0.937607 
1697 0.845823 
1698 1.109976 
1699 0.944384 
1700 1.005671 
1701 1.098292 
1702 0.958720 
1703 0.966370 
1704 1.128107 
1705 1.001711 
1706 0.983366 
1707 0.921285 
1708 0.993404 
1709 0.892170 
1710 1.176334 
1711 1.076760 
1712 0.887462 
1713 1.008163 
1714 0.936572 
1715 0.955367 
1716 1.007568 
1717 1.030084 
1718 1.056444 
1719 0.964213 
1720 1.095411 
1721 1.020207 
1722 1.179163 
1723 0.988070 
1724 1.056947 
1725 0.902304 
1726 0.914173 
1727 1.034646 
1728 1.019171 
1729 1.014527 
1730 0.997901 
1731 1.073922 
1732 0.875061 
1733 0.973273 
1734 1.006130 
1735 0.934261 
1736 1.028159 
1737 1.031248 
1738 0.922066 
1739 0.865505 
1740 1.061344 
1741 1.041978 
1742 0.985793 
1743 0.987284 
1744 1.051187 
1745 0.910094 
1746 0.922798 
1747 0.999989 
1748 0.912974 
1749 0.955892 
1750 1.017810 
1751 1.030800 
1752 1.026310 
1753 0.967560 
1754 0.947384 
1755 0.937006 
1756 1.009942 
1757 0.933252 
1758 1.036069 
1759 1.043560 
1760 1.031153 
1761 1.050255 
1762 1.053405 
1763 0.964637 
1764 1.100643 
1765 1.096582 
1766 0.944546 
1767 0.967519 
1768 0.988591 
1769 1.046152 
1770 1.043506 
1771 1.159567 
1772 1.118445 
1773 1.110488 
1774 0.988507 
1775 1.009075 
1776 1.046680 
1777 0.946198 
1778 1.095893 
1779 1.017261 
1780 0.964783 
1781 0.945488 
1782 0.864122 
1783 0.999319 
1784 1.033971 
1785 0.981356 
1786 0.981751 
1787 0.984089 
1788 0.974731 
1789 1.034608 
1790 1.033327 
1791 1.032965 
1792 0.960007 
1793 0.947446 
1794 0.934762 
1795 1.131861 
1796 1.038383 
1797 0.976550 
1798 1.043034 
1799 0.936674 
1800 1.093851 
1801 0.898135 
1802 1.003527 
1803 1.061206 
1804 1.073890 
1805 1.116865 
1806 0.975740 
1807 0.826347 
1808 1.059590 
1809 1.087156 
1810 0.950659 
1811 1.096886 
1812 0.949078 
1813 0.990384 
1814 0.962434 
1815 1.055002 
1816 0.987826 
1817 1.028344 
1818 0.939739 
1819 1.006275 
1820 0.997389 
1821 1.032863 
1822 1.015337 
1823 1.263488 
1824 1.058620 
1825 1.056568 
1826 0.982652 
1827 1.064353 
1828 0.890206 
1829 1.046340 
1830 0.952626 
1831 1.020130 
1832 1.134472 
1833 0.912505 
1834 1.015333 
1835 1.023527 
1836 0.860740 
1837 1.094410 
1838 1.068255 
1839 0.876709 
1840 0.978604 
1841 1.082578 
1842 1.030587 
1843 1.084026 
1844 1.030082 
1845 1.031214 
1846 0.990315 
1847 0.957912 
1848 1.072032 
1849 1.024884 
1850 0.957053 
1851 1.139890 
1852 0.893955 
1853 1.088629 
1854 1.001295 
1855 0.994841 
1856 0.909468 
1857 1.086383 
1858 0.952748 
1859 0.952037 
1860 0.998775 
1861 1.036859 
1862 1.052306 
1863 0.965707 
1864 0.896918 
1865 1.040748 
1866 1.025158 
1867 1.082436 
1868 0.974156 
1869 0.998062 
1870 1.122925 
1871 0.929431 
1872 1.059435 
1873 1.011656 
1874 1.027775 
1875 0.943763 
1876 0.854901 
1877 1.081115 
1878 1.021844 
1879 1.023031 
1880 1.083977 
1881 1.061017 
1882 0.992509 
1883 1.049125 
1884 1.064136 
1885 0.922194 
1886 0.982891 
1887 1.068261 
1888 0.922982 
1889 0.945946 
1890 0.956093 
1891 0.943401 
1892 0.930432 
1893 0.951148 
1894 0.965349 
1895 1.071200 
1896 0.984685 
1897 1.046345 
1898 0.927878 
1899 1.062838 
1900 0.906433 
1901 0.885358 
1902 0.882180 
1903 0.923971 
1904 1.050960 
1905 0.998853 
1906 1.074019 
1907 0.915207 
1908 0.967702 
1909 1.009761 
1910 1.013054 
1911 0.959637 
1912 0.945740 
1913 1.112858 
1914 1.082234 
1915 0.982047 
1916 0.946062 
1917 0.857214 
1918 0.983108 
1919 0.986700 
1920 1.009443 
1921 0.929647 
1922 1.025216 
1923 0.932113 
1924 1.012798 
1925 0.958862 
1926 0.973625 
1927 0.974332 
1928 0.892928 
1929 0.881953 
1930 1.057093 
1931 1.142020 
1932 0.887888 
1933 1.014869 
1934 0.992019 
1935 0.960354 
1936 1.044008 
1937 0.916841 
1938 1.035590 
1939 0.921593 
1940 1.038458 
1941 1.005327 
1942 1.027952 
1943 0.842266 
1944 0.948303 
1945 0.998914 
1946 1.019008 
1947 1.098298 
1948 0.950429 
1949 1.047624 
1950 0.915349 
1951 0.949967 
1952 1.021784 
1953 0.991968 
1954 1.102885 
1955 1.004356 
1956 0.950619 
1957 1.011258 
1958 1.032617 
1959 0.977535 
1960 0.943509 
1961 0.978707 
1962 1.082159 
1963 0.961021 
1964 0.977373 
1965 0.978644 
1966 1.042153 
1967 0.956128 
1968 0.956575 
1969 0.863561 
1970 0.960214 
1971 1.071621 
1972 0.893849 
1973 1.027361 
1974 0.902159 
1975 1.097600 
1976 0.941071 
1977 1.033362 
1978 1.046555 
1979 0.980584 
1980 1.066264 
1981 1.151094 
1982 0.933437 
1983 1.005991 
1984 1.048597 
1985 0.943397 
1986 1.081648 
1987 0.975841 
1988 0.920541 
1989 0.935960 
1990 1.023518 
1991 0.940812 
1992 1.034309 
1993 1.041678 
1994 0.949552 
1995 0.939140 
1996 1.020958 
1997 1.095321 
1998 1.052842 
1999 1.074362 
2000 0.951649 
2001 1.120605 
2002 1.079827 
2003 1.118954 
2004 0.920087 
2005 1.072458 
2006 1.026518 
2007 0.986366 
2008 0.931345 
2009 0.909057 
2010 0.969375 
2011 1.074131 
2012 0.973152 
2013 1.017109 
2014 0.976290 
2015 0.959176 
2016 0.934534 
2017 0.933840 
2018 0.923752 
2019 1.071860 
2020 0.929449 
2021 1.118667 
2022 0.993867 
2023 1.018265 
2024 1.009686 
2025 0.914538 
2026 1.028847 
2027 0.991924 
2028 0.955024 
2029 1.009359 
2030 1.122083 
2031 1.025130 
2032 1.000542 
2033 0.995048 
2034 0.884817 
2035 0.845328 
2036 0.967126 
2037 0.849502 
2038 1.040721 
2039 0.970631 
2040 1.023866 
2041 1.007090 
2042 1.049884 
2043 1.035400 
2044 0.911621 
2045 0.962565 
2046 1.087785 
2047 1.000251 
2048 1.003759 
2049 1.033855 
2050 1.052297 
2051 0.992176 
2052 0.972805 
2053 1.106799 
2054 1.065557 
2055 1.092310 
2056 0.819368 
2057 1.039473 
2058 0.998635 
2059 0.982398 
2060 1.062282 
2061 0.873785 
2062 0.926354 
2063 0.979170 
2064 0.915254 
2065 0.882473 
2066 1.073484 
2067 1.016543 
2068 1.058112 
2069 0.977114 
2070 1.024492 
2071 0.951143 
2072 0.934898 
2073 0.885711 
2074 0.997616 
2075 1.005480 
2076 1.098607 
2077 0.857662 
2078 1.050378 
2079 0.966374 
2080 0.969531 
2081 1.058520 
2082 1.039111 
2083 1.017407 
2084 1.009240 
2085 1.071698 
2086 0.987125 
2087 1.133027 
2088 0.892306 
2089 1.012992 
2090 1.052896 
2091 1.073167 
2092 0.927451 
2093 0.999813 
2094 0.883126 
2095 0.989085 
2096 1.125853 
2097 1.035480 
2098 0.966824 
2099 1.063894 
2100 1.076966 
2101 0.964545 
2102 0.930373 
2103 1.015904 
2104 1.065346 
2105 0.998240 
2106 0.975212 
2107 0.928952 
2108 1.004052 
2109 0.964197 
2110 0.952832 
2111 0.949975 
2112 1.006312 
2113 1.049704 
2114 1.012346 
2115 1.006869 
2116 0.979838 
2117 1.009842 
2118 0.961825 
2119 1.117691 
2120 1.010718 
2121 0.959834 
2122 1.080844 
2123 1.045450 
2124 1.098437 
2125 0.992639 
2126 1.087737 
2127 0.996192 
2128 0.918297 
2129 1.031387 
2130 1.014939 
2131 0.977905 
2132 1.035611 
2133 0.942110 
2134 0.957425 
2135 1.069033 
2136 1.076622 
2137 0.939748 
2138 0.952451 
2139 1.054059 
2140 0.965928 
2141 1.030614 
2142 1.023251 
2143 1.027750 
2144 0.978489 
2145 1.031201 
2146 0.848650 
2147 0.990012 
2148 0.996097 
2149 0.943578 
2150 0.925109 
2151 0.995096 
2152 0.960040 
2153 0.957446 
2154 1.029306 
2155 1.039421 
2156 0.912017 
2157 1.068464 
2158 1.039680 
2159 1.095117 
2160 1.091159 
2161 0.846796 
2162 1.024040 
2163 0.913547 
2164 0.936055 
2165 1.046247 
2166 0.885864 
2167 0.996527 
2168 0.936396 
2169 1.001213 
2170 0.992823 
2171 1.088957 
2172 0.885625 
2173 0.878753 
2174 1.001184 
2175 1.031293 
2176 1.017138 
2177 1.077419 
2178 0.995462 
2179 1.073753 
2180 0.951694 
2181 1.099093 
2182 0.972627 
2183 1.079643 
2184 0.956384 
2185 1.001831 
2186 0.994451 
2187 0.923795 
2188 1.068268 
2189 0.936322 
2190 1.111093 
2191 1.024645 
2192 1.004179 
2193 0.914959 
2194 0.985437 
2195 0.898023 
2196 1.012952 
2197 0.953639 
2198 0.929338 
2199 1.028575 
2200 0.991877 
2201 1.040446 
2202 0.995990 
2203 0.921581 
2204 0.887723 
2205 0.898615 
2206 0.835298 
2207 0.968064 
2208 0.877156 
2209 0.841099 
2210 1.018355 
2211 0.930927 
2212 0.985432 
2213 0.920495 
2214 0.938000 
2215 0.987574 
2216 0.903214 
2217 0.978296 
2218 0.999424 
2219 0.842935 
2220 0.947425 
2221 0.923504 
2222 1.035127 
2223 0.919077 
2224 0.955964 
2225 1.001276 
2226 1.015461 
2227 1.060629 
2228 0.996061 
2229 1.138349 
2230 0.952373 
2231 1.021279 
2232 0.924174 
2233 1.029007 
2234 1.049743 
2235 1.067107 
2236 1.188138 
2237 0.938243 
2238 1.040134 
2239 0.975886 
2240 1.028385 
2241 0.991699 
2242 0.946697 
2243 0.990105 
2244 1.002183 
2245 0.932679 
2246 1.137530 
2247 0.999919 
2248 0.894968 
2249 0.972453 
2250 1.040947 
2251 1.039357 
2252 0.990186 
2253 0.996632 
2254 1.024716 
2255 1.029228 
2256 1.022035 
2257 0.965446 
2258 0.909244 
2259 1.145102 
2260 0.996548 
2261 1.060192 
2262 1.202414 
2263 1.044059 
2264 0.975680 
2265 0.999354 
2266 0.947409 
2267 0.910105 
2268 1.061776 
2269 1.081865 
2270 1.059981 
2271 1.139694 
2272 1.074075 
2273 1.053690 
2274 0.930797 
2275 0.978217 
2276 1.041369 
2277 0.873462 
2278 1.093207 
2279 0.969303 
2280 1.114893 
2281 0.936642 
2282 1.009310 
2283 0.948010 
2284 0.927061 
2285 0.989811 
2286 1.001164 
2287 1.074076 
2288 0.978425 
2289 0.977139 
2290 1.026133 
2291 1.093029 
2292 0.998310 
2293 1.091708 
2294 1.055864 
2295 0.936769 
2296 1.043372 
2297 0.993329 
2298 1.018324 
2299 1.047266 
2300 0.931602 
2301 1.057156 
2302 1.119019 
2303 1.088476 
2304 1.096156 
2305 1.004387 
2306 1.050366 
2307 0.953092 
2308 0.985487 
2309 1.027934 
2310 1.039016 
2311 1.076418 
2312 1.013658 
2313 1.134474 
2314 0.938005 
2315 1.016801 
2316 0.953222 
2317 1.013704 
2318 1.077975 
2319 1.002567 
2320 0.875155 
2321 1.054423 
2322 0.943195 
2323 1.123218 
2324 0.966887 
2325 1.098995 
2326 0.874195 
2327 1.082935 
2328 0.939765 
2329 1.129085 
2330 1.047975 
2331 1.016863 
2332 1.001893 
2333 1.066581 
2334 0.942491 
2335 1.007613 
2336 1.053539 
2337 1.098878 
2338 1.079675 
2339 0.984113 
2340 0.969861 
2341 1.108676 
2342 0.969018 
2343 1.041857 
2344 1.015836 
2345 1.018018 
2346 1.113960 
2347 1.143429 
2348 1.005172 
2349 0.991820 
2350 0.971282 
2351 1.089386 
2352 0.872632 
2353 0.959567 
2354 1.030670 
2355 0.993542 
2356 0.995403 
2357 1.016844 
2358 0.865624 
2359 1.024418 
2360 1.012596 
2361 1.020261 
2362 0.986320 
2363 1.044576 
2364 1.052533 
2365 1.104860 
2366 0.890544 
2367 1.010544 
2368 1.048382 
2369 0.963300 
2370 0.952575 
2371 0.984718 
2372 1.086654 
2373 1.190668 
2374 0.995026 
2375 0.962576 
2376 0.977195 
2377 0.871043 
2378 1.029336 
2379 0.985485 
2380 1.081720 
2381 0.937405 
2382 0.993277 
2383 1.060600 
2384 1.023014 
2385 0.933092 
2386 0.880459 
2387 1.025461 
2388 1.030140 
2389 0.969554 
2390 1.095739 
2391 0.992814 
2392 0.991180 
2393 0.955459 
2394 0.993663 
2395 0.951121 
2396 0.916535 
2397 1.073036 
2398 0.966026 
2399 1.022416 
2400 1.008116 
2401 0.997271 
2402 1.012653 
2403 1.100404 
2404 0.974486 
2405 0.969824 
2406 0.860055 
2407 1.124777 
2408 0.996490 
2409 1.004999 
2410 0.962766 
2411 0.952999 
2412 1.064209 
2413 0.943522 
2414 1.009522 
2415 0.888752 
2416 0.945569 
2417 0.934264 
2418 0.862690 
2419 0.921481 
2420 0.980584 
2421 0.939526 
2422 0.947092 
2423 0.965047 
2424 0.939723 
2425 1.030228 
2426 0.978038 
2427 0.859817 
2428 0.954461 
2429 1.016915 
2430 0.962475 
2431 1.032754 
2432 1.041526 
2433 0.885091 
2434 1.052131 
2435 0.869340 
2436 0.866952 
2437 0.982767 
2438 0.921807 
2439 1.034235 
2440 0.832985 
2441 1.077785 
2442 0.956835 
2443 1.077124 
2444 1.098239 
2445 1.037230 
2446 0.985829 
2447 1.080159 
2448 0.889327 
2449 0.990461 
2450 1.055277 
2451 0.987491 
2452 1.012947 
2453 1.032702 
2454 0.985862 
2455 1.024589 
2456 0.983352 
2457 1.120209 
2458 0.999946 
2459 1.076383 
2460 0.931812 
2461 0.982279 
2462 1.052513 
2463 0.993616 
2464 0.966751 
2465 0.994966 
2466 0.922650 
2467 1.021227 
2468 1.124149 
2469 1.070211 
2470 0.974906 
2471 1.029469 
2472 0.962381 
2473 0.940632 
2474 0.922843 
2475 0.973149 
2476 0.945847 
2477 0.828159 
2478 0.980267 
2479 0.940923 
2480 0.938244 
2481 1.020658 
2482 0.974741 
2483 0.988485 
2484 0.992228 
2485 1.035240 
2486 1.053159 
2487 1.082204 
2488 0.878813 
2489 0.936498 
2490 1.071434 
2491 0.924609 
2492 1.009635 
2493 1.027071 
2494 0.861481 
2495 0.943717 
2496 1.008053 
2497 0.980967 
2498 0.928243 
2499 0.918805 
2500 1.015678 
2501 1.046009 
2502 1.068833 
2503 1.083322 
2504 1.073113 
2505 1.089833 
2506 0.975952 
2507 0.978642 
2508 1.095359 
2509 0.848198 
2510 0.921327 
2511 0.991874 
2512 1.095289 
2513 1.116101 
2514 1.041415 
2515 0.906602 
2516 0.940411 
2517 0.990789 
2518 0.905788 
2519 1.067544 
2520 0.981279 
2521 1.014160 
2522 1.050514 
2523 1.037886 
2524 1.044033 
2525 1.157455 
2526 1.081946 
2527 1.060042 
2528 1.023246 
2529 0.972586 
2530 1.031870 
2531 1.029412 
2532 0.937231 
2533 1.005594 
2534 0.927935 
2535 0.979382 
2536 0.987556 
2537 1.025894 
2538 0.876416 
2539 0.913281 
2540 0.992007 
2541 0.930458 
2542 1.113065 
2543 0.989746 
2544 1.032819 
2545 1.019845 
2546 0.895098 
2547 0.954785 
2548 0.905550 
2549 0.986104 
2550 0.993826 
2551 0.913083 
2552 1.038972 
2553 0.862498 
2554 0.954996 
2555 1.003985 
2556 1.090985 
2557 0.980546 
2558 1.061278 
2559 0.900744 
2560 1.015071 
2561 0.921319 
2562 1.066132 
2563 1.003262 
2564 0.980961 
2565 0.949403 
2566 0.946846 
2567 1.114861 
2568 0.895342 
2569 0.892642 
2570 0.965698 
2571 1.119403 
2572 1.125867 
2573 1.057082 
2574 1.042599 
2575 1.052911 
2576 0.927915 
2577 0.868932 
2578 1.003221 
2579 1.034889 
2580 1.102123 
2581 1.010269 
2582 0.976825 
2583 1.009008 
2584 0.995155 
2585 0.942550 
2586 0.970621 
2587 0.882913 
2588 0.940467 
2589 0.975229 
2590 1.063047 
2591 0.950571 
2592 0.974539 
2593 1.027287 
2594 1.058791 
2595 1.014266 
2596 0.943112 
2597 1.018003 
2598 0.963708 
2599 0.909982 
2600 1.058403 
2601 1.034607 
2602 0.939098 
2603 0.955872 
2604 1.142454 
2605 1.059775 
2606 1.058276 
2607 1.107377 
2608 1.038918 
2609 1.108537 
2610 0.953240 
2611 1.008998 
2612 1.009687 
2613 0.994542 
2614 0.994186 
2615 1.098931 
2616 0.955715 
2617 0.932135 
2618 0.882455 
2619 1.095049 
2620 0.991369 
2621 0.961444 
2622 0.897942 
2623 1.182848 
2624 1.061195 
2625 1.111448 
2626 0.835789 
2627 1.072672 
2628 0.976850 
2629 0.999921 
2630 1.072301 
2631 0.969241 
2632 0.971046 
2633 0.962400 
2634 1.024051 
2635 1.030632 
2636 1.122556 
2637 0.930740 
2638 1.154322 
2639 0.987251 
2640 1.050999 
2641 0.968776 
2642 0.975457 
2643 0.960221 
2644 1.025972 
2645 0.999828 
2646 1.018037 
2647 1.152282 
2648 0.977326 
2649 0.816898 
2650 1.076988 
2651 0.950854 
2652 0.992346 
2653 1.064393 
2654 1.058539 
2655 1.081523 
2656 0.962228 
2657 1.013731 
2658 1.017042 
2659 0.941188 
2660 1.117067 
2661 1.025339 
2662 1.044749 
2663 1.060244 
2664 1.012852 
2665 1.070748 
2666 1.031157 
2667 0.994002 
2668 0.819218 
2669 0.949447 
2670 1.035526 
2671 0.947423 
2672 1.029486 
2673 1.079966 
2674 1.068871 
2675 1.060672 
2676 1.089679 
2677 0.954974 
2678 0.945997 
2679 0.972253 
2680 1.022041 
2681 1.030299 
2682 1.110336 
2683 0.977931 
2684 0.862122 
2685 0.829691 
2686 0.995281 
2687 1.155252 
2688 1.025246 
2689 0.947745 
2690 0.897391 
2691 1.043295 
2692 0.987328 
2693 1.061423 
2694 0.962449 
2695 0.970573 
2696 0.994941 
2697 0.880325 
2698 0.924553 
2699 1.038158 
2700 0.874560 
2701 0.871790 
2702 0.976690 
2703 1.073308 
2704 1.019570 
2705 0.905915 
2706 0.957148 
2707 0.969526 
2708 0.963419 
2709 1.013488 
2710 0.960359 
2711 0.978335 
2712 1.021091 
2713 1.052518 
2714 1.007028 
2715 1.043985 
2716 1.055536 
2717 0.947080 
2718 1.031950 
2719 0.854794 
2720 0.954463 
2721 1.014542 
2722 1.072812 
2723 0.932037 
2724 0.965925 
2725 0.985755 
2726 1.019650 
2727 0.875597 
2728 1.094488 
2729 0.955669 
2730 1.045788 
2731 1.071909 
2732 1.089892 
2733 0.942226 
2734 0.983478 
2735 1.040173 
2736 1.051984 
2737 0.879595 
2738 1.124620 
2739 0.894098 
2740 1.055123 
2741 1.029448 
2742 0.879258 
2743 0.969316 
2744 1.119359 
2745 0.956679 
2746 1.097328 
2747 0.871246 
2748 1.101577 
2749 0.949620 
2750 0.950826 
2751 1.027400 
2752 1.034654 
2753 1.028407 
2754 0.865973 
2755 1.022481 
2756 0.956827 
2757 1.034134 
2758 1.033978 
2759 1.138742 
2760 0.989750 
2761 1.014897 
2762 1.090759 
2763 0.954069 
2764 0.999494 
2765 1.032595 
2766 0.991106 
2767 0.982050 
2768 1.138463 
2769 0.977046 
2770 0.915462 
2771 0.898592 
2772 0.947089 
2773 0.965032 
2774 1.041740 
2775 0.999976 
2776 0.973628 
2777 0.980576 
2778 1.023376 
2779 0.959937 
2780 1.004809 
2781 0.993048 
2782 0.917463 
2783 1.024828 
2784 0.948184 
2785 0.897539 
2786 1.013908 
2787 1.014461 
2788 1.091854 
2789 0.869552 
2790 1.097018 
2791 1.127531 
2792 0.991458 
2793 1.027342 
2794 1.007528 
2795 1.015144 
2796 0.950135 
2797 0.963122 
2798 0.912826 
2799 1.034472 
2800 1.050645 
2801 1.077687 
2802 1.012279 
2803 0.906860 
2804 1.059606 
2805 0.954647 
2806 0.882725 
2807 0.889669 
2808 0.887971 
2809 0.862258 
2810 0.896174 
2811 0.981738 
2812 1.001772 
2813 0.980544 
2814 1.015630 
2815 0.940977 
2816 1.015281 
2817 1.159623 
2818 0.957251 
2819 1.117547 
2820 1.002924 
2821 0.936959 
2822 0.968459 
2823 0.909735 
2824 1.022107 
2825 0.899907 
2826 0.984467 
2827 0.987991 
2828 0.921904 
2829 0.959835 
2830 0.888303 
2831 1.017898 
2832 0.834516 
2833 1.014733 
2834 1.052632 
2835 0.983700 
2836 1.014164 
2837 0.889876 
2838 0.980203 
2839 1.026181 
2840 1.011005 
2841 0.979777 
2842 0.965737 
2843 1.006112 
2844 0.943597 
2845 1.024885 
2846 0.951581 
2847 1.001796 
2848 0.941143 
2849 1.085274 
2850 0.973697 
2851 0.914419 
2852 0.878876 
2853 1.001032 
2854 1.138579 
2855 0.971897 
2856 0.997160 
2857 1.028630 
2858 1.009931 
2859 0.987556 
2860 1.043478 
2861 0.938494 
2862 1.039781 
2863 0.998846 
2864 1.129420 
2865 0.961032 
2866 1.047153 
2867 0.938166 
2868 0.952644 
2869 1.050231 
2870 1.052257 
2871 1.061506 
2872 0.919223 
2873 0.987749 
2874 0.970372 
2875 1.006030 
2876 1.054979 
2877 0.872982 
2878 0.914823 
2879 0.998658 
2880 0.897341 
2881 1.032466 
2882 0.897650 
2883 1.090183 
2884 0.950452 
2885 1.032884 
2886 0.943546 
2887 0.922101 
2888 0.959139 
2889 0.927376 
2890 0.894168 
2891 0.847078 
2892 0.998508 
2893 0.978247 
2894 1.019401 
2895 1.023821 
2896 1.100064 
2897 1.042845 
2898 0.888302 
2899 0.925419 
2900 1.017310 
2901 1.163883 
2902 0.968886 
2903 0.914923 
2904 1.071980 
2905 1.006543 
2906 1.037246 
2907 1.039522 
2908 0.995109 
2909 1.014468 
2910 0.980656 
2911 1.105061 
2912 0.915114 
2913 1.164166 
2914 0.934295 
2915 1.037717 
2916 1.010468 
2917 0.916255 
2918 0.944694 
2919 1.036843 
2920 1.066496 
2921 1.050757 
2922 0.893852 
2923 0.869824 
2924 0.880509 
2925 0.976074 
2926 1.049151 
2927 1.106867 
2928 0.951021 
2929 1.164676 
2930 0.973601 
2931 0.909298 
2932 1.029735 
2933 1.052685 
2934 1.028289 
2935 0.986344 
2936 1.030750 
2937 0.904780 
2938 1.034621 
2939 1.057053 
2940 1.076353 
2941 1.002645 
2942 0.976766 
2943 1.057966 
2944 1.020595 
2945 0.925865 
2946 0.966659 
2947 0.886425 
2948 0.968717 
2949 1.076916 
2950 1.065101 
2951 0.864894 
2952 0.998131 
2953 0.987186 
2954 1.050349 
2955 0.847660 
2956 1.044413 
2957 1.002804 
2958 1.094908 
2959 0.875781 
2960 0.963503 
2961 1.012435 
2962 1.034698 
2963 1.071182 
2964 1.044220 
2965 1.072609 
2966 0.958908 
2967 1.000319 
2968 1.044945 
2969 1.043882 
2970 0.965179 
2971 1.013833 
2972 1.015985 
2973 0.912725 
2974 0.897183 
2975 1.029517 
2976 0.990718 
2977 1.015697 
2978 0.935858 
2979 1.045017 
2980 0.999586 
2981 0.865832 
2982 0.957461 
2983 0.976083 
2984 0.928540 
2985 1.067443 
2986 1.033745 
2987 1.055463 
2988 0.924404 
2989 1.097526 
2990 1.003252 
2991 1.002848 
2992 0.955124 
2993 1.079342 
2994 0.957651 
2995 1.124319 
2996 0.987701 
2997 1.050845 
2998 0.929017 
2999 1.003096 
3000 0.968439 
3001 0.880527 
3002 1.018035 
3003 0.867831 
3004 1.137036 
3005 1.047460 
3006 0.914545 
3007 1.020684 
3008 1.043851 
3009 0.984324 
3010 1.003837 
3011 1.140231 
3012 1.041861 
3013 0.927112 
3014 0.877403 
3015 0.968871 
3016 1.013154 
3017 1.101233 
3018 0.927542 
3019 1.008689 
3020 1.153236 
3021 1.029345 
3022 0.991545 
3023 0.905506 
3024 1.006729 
3025 1.004150 
3026 0.998297 
3027 1.153654 
3028 0.889174 
3029 1.002063 
3030 1.074015 
3031 0.919603 
3032 1.072907 
3033 0.994704 
3034 1.111417 
3035 1.083224 
3036 0.933094 
3037 1.050125 
3038 1.104388 
3039 0.988380 
3040 0.963719 
3041 0.994036 
3042 0.998337 
3043 0.850707 
3044 0.998324 
3045 1.027139 
3046 0.966980 
3047 1.064965 
3048 1.013679 
3049 0.965324 
3050 1.089538 
3051 1.024589 
3052 1.080392 
3053 1.090315 
3054 0.883037 
3055 1.001029 
3056 0.983435 
3057 0.986892 
3058 1.074545 
3059 0.981593 
3060 0.891602 
3061 0.905981 
3062 0.909088 
3063 1.036774 
3064 0.990618 
3065 1.043761 
3066 0.910758 
3067 0.943473 
3068 1.058001 
3069 1.040350 
3070 0.918495 
3071 0.874241 
3072 0.982537 
3073 1.016725 
3074 1.071845 
3075 1.098878 
3076 0.866030 
3077 0.904049 
3078 0.962933 
3079 0.982002 
3080 0.842150 
3081 0.991828 
3082 1.094541 
3083 0.825632 
3084 1.011824 
3085 1.053225 
3086 1.008610 
3087 1.084619 
3088 1.039525 
3089 0.943109 
3090 1.074163 
3091 0.970939 
3092 0.978688 
3093 1.002976 
3094 1.081084 
3095 1.042602 
3096 0.996826 
3097 0.937477 
3098 1.006336 
3099 1.014219 
3100 1.003558 
3101 1.015827 
3102 1.065313 
3103 0.933304 
3104 0.934542 
3105 1.035494 
3106 1.011747 
3107 1.029540 
3108 0.968307 
3109 0.935086 
3110 1.104106 
3111 0.934269 
3112 1.045756 
3113 1.013837 
3114 0.914653 
3115 1.137963 
3116 1.024375 
3117 1.223185 
3118 1.060752 
3119 1.080535 
3120 0.988694 
3121 0.917137 
3122 0.968646 
3123 0.987523 
3124 1.046538 
3125 1.195387 
3126 0.897688 
3127 0.983448 
3128 1.012234 
3129 1.004627 
3130 0.928492 
3131 0.953233 
3132 0.963974 
3133 0.945846 
3134 1.056114 
3135 1.047568 
3136 0.975783 
3137 0.890064 
3138 0.924171 
3139 1.007088 
3140 1.079295 
3141 0.960564 
3142 0.925755 
3143 0.979826 
3144 0.932546 
3145 0.974806 
3146 1.068340 
3147 1.087083 
3148 0.966138 
3149 1.047110 
3150 0.969142 
3151 0.994440 
3152 1.003292 
3153 0.984302 
3154 0.896053 
3155 0.891299 
3156 0.912760 
3157 1.083301 
3158 0.918753 
3159 0.895492 
3160 0.992408 
3161 1.083341 
3162 1.124592 
3163 0.889935 
3164 1.059354 
3165 0.944825 
3166 1.082350 
3167 0.930995 
3168 1.017749 
3169 0.955852 
3170 0.875234 
3171 0.967540 
3172 1.003413 
3173 1.030648 
3174 0.992691 
3175 1.143160 
3176 0.948155 
3177 0.927993 
3178 0.936798 
3179 1.042297 
3180 0.887912 
3181 1.066145 
3182 1.004195 
3183 0.951121 
3184 1.066367 
3185 1.012341 
3186 0.974413 
3187 1.071343 
3188 0.938660 
3189 1.114936 
3190 0.960364 
3191 0.973553 
3192 0.961902 
3193 0.994577 
3194 1.093152 
3195 0.990097 
3196 1.063714 
3197 1.016694 
3198 1.047150 
3199 1.016326 
3200 0.997385 
3201 0.938311 
3202 0.949101 
3203 0.999334 
3204 0.858052 
3205 0.932172 
3206 0.957396 
3207 1.051040 
3208 1.062892 
3209 0.901780 
3210 1.083368 
3211 1.081729 
3212 0.994193 
3213 0.929308 
3214 0.990909 
3215 1.025275 
3216 1.127297 
3217 1.114618 
3218 0.908973 
3219 1.060394 
3220 1.043168 
3221 1.006856 
3222 1.009615 
3223 1.015726 
3224 1.011893 
3225 1.011568 
3226 1.060497 
3227 0.969752 
3228 0.888208 
3229 0.926844 
3230 0.852265 
3231 1.128791 
3232 1.063352 
3233 0.919294 
3234 0.999756 
3235 1.012675 
3236 0.984499 
3237 1.111281 
3238 0.956965 
3239 0.945412 
3240 0.972864 
3241 1.005015 
3242 1.000359 
3243 1.075534 
3244 1.020725 
3245 1.081439 
3246 0.997252 
3247 0.978925 
3248 1.011564 
3249 0.937810 
3250 0.883625 
3251 0.915483 
3252 1.040336 
3253 0.991341 
3254 0.996637 
3255 1.000094 
3256 0.955066 
3257 1.071161 
3258 1.056750 
3259 1.034551 
3260 1.121011 
3261 0.901854 
3262 1.004621 
3263 0.851149 
3264 0.950459 
3265 1.057044 
3266 1.083524 
3267 0.904556 
3268 1.016862 
3269 0.979540 
3270 0.928576 
3271 0.979670 
3272 1.049469 
3273 1.025458 
3274 0.956415 
3275 0.949125 
3276 1.056725 
3277 1.071818 
3278 0.958425 
3279 0.884834 
3280 1.084142 
3281 0.902464 
3282 0.917249 
3283 1.057995 
3284 1.040490 
3285 1.051484 
3286 1.075904 
3287 0.959316 
3288 0.975400 
3289 0.963235 
3290 0.956600 
3291 1.186477 
3292 1.024193 
3293 0.886723 
3294 0.971982 
3295 0.918033 
3296 0.967162 
3297 0.958105 
3298 1.003226 
3299 0.894245 
3300 1.072369 
3301 0.961707 
3302 0.961716 
3303 1.021386 
3304 1.019979 
3305 0.915411 
3306 0.933310 
3307 1.066166 
3308 1.094276 
3309 0.972923 
3310 0.975584 
3311 0.975947 
3312 0.991668 
3313 1.152644 
3314 1.030567 
3315 0.950697 
3316 1.099852 
3317 1.000564 
3318 1.039190 
3319 0.927941 
3320 1.003415 
3321 0.920837 
3322 1.027213 
3323 1.024762 
3324 0.906548 
3325 1.025210 
3326 0.955003 
3327 0.956943 
3328 1.013233 
3329 1.068387 
3330 1.142167 
3331 0.980143 
3332 0.934224 
3333 0.982849 
3334 0.981581 
3335 1.138258 
3336 0.964486 
3337 0.887440 
3338 1.021826 
3339 0.961511 
3340 1.044930 
3341 0.954504 
3342 1.121412 
3343 1.025688 
3344 0.992950 
3345 0.942585 
3346 0.944420 
3347 0.902322 
3348 0.952899 
3349 1.044028 
3350 0.965852 
3351 0.867827 
3352 0.954507 
3353 0.947119 
3354 0.938686 
3355 1.097521 
3356 1.016123 
3357 1.033057 
3358 1.011093 
3359 1.003506 
3360 0.987898 
3361 1.046154 
3362 0.877461 
3363 1.059443 
3364 0.956341 
3365 1.008999 
3366 1.025595 
3367 0.967501 
3368 1.068700 
3369 1.023982 
3370 0.970623 
3371 1.014355 
3372 0.873888 
3373 1.074790 
3374 1.030275 
3375 0.975629 
3376 1.116959 
3377 0.978997 
3378 1.017827 
3379 1.036466 
3380 0.953134 
3381 1.005711 
3382 0.953447 
3383 1.005006 
3384 1.010432 
3385 1.081982 
3386 0.979232 
3387 1.026806 
3388 1.071432 
3389 1.011551 
3390 0.998196 
3391 1.136715 
3392 1.058561 
3393 0.933307 
3394 1.070531 
3395 0.865184 
3396 1.031424 
3397 1.050700 
3398 0.975836 
3399 1.098807 
3400 0.908764 
3401 1.053037 
3402 0.984612 
3403 1.016734 
3404 1.000875 
3405 1.074099 
3406 0.983735 
3407 0.875204 
3408 0.887268 
3409 1.026379 
3410 1.080400 
3411 0.980314 
3412 1.121829 
3413 0.888618 
3414 1.106003 
3415 1.006888 
3416 0.896822 
3417 1.077911 
3418 0.975940 
3419 1.037260 
3420 1.026030 
3421 0.953056 
3422 0.947643 
3423 0.989824 
3424 1.051604 
3425 1.013052 
3426 0.880439 
3427 1.043705 
3428 1.064446 
3429 0.941733 
3430 0.940966 
3431 0.983971 
3432 0.987928 
3433 0.926573 
3434 0.987911 
3435 0.906209 
3436 1.000736 
3437 0.986767 
3438 0.925297 
3439 1.089522 
3440 0.902430 
3441 1.027493 
3442 0.900959 
3443 0.805695 
3444 1.092280 
3445 0.938239 
3446 1.064029 
3447 1.101203 
3448 1.007637 
3449 0.978234 
3450 0.907820 
3451 1.033707 
3452 0.851303 
3453 0.959343 
3454 1.035180 
3455 1.199338 
3456 0.964913 
3457 0.965380 
3458 0.981875 
3459 1.002983 
3460 1.050884 
3461 0.891529 
3462 1.132636 
3463 0.878137 
3464 0.979537 
3465 1.100202 
3466 0.933727 
3467 1.043253 
3468 0.943392 
3469 1.010014 
3470 1.040809 
3471 1.085837 
3472 0.965653 
3473 1.007481 
3474 1.079987 
3475 0.972483 
3476 1.024748 
3477 0.881227 
3478 0.913294 
3479 0.936583 
3480 0.969431 
3481 1.050956 
3482 1.023805 
3483 1.024714 
3484 0.993458 
3485 0.915025 
3486 1.036373 
3487 0.944801 
3488 0.861947 
3489 1.058838 
3490 1.039661 
3491 0.923161 
3492 1.027723 
3493 1.083002 
3494 1.003334 
3495 0.925795 
3496 0.943006 
3497 1.053847 
3498 0.999092 
3499 1.054723 
3500 0.957516 
3501 1.034397 
3502 0.948501 
3503 0.887101 
3504 0.987644 
3505 1.042998 
3506 0.936355 
3507 0.938312 
3508 0.918302 
3509 0.965422 
3510 0.961396 
3511 1.079983 
3512 0.950517 
3513 1.111260 
3514 1.067550 
3515 1.019981 
3516 0.953564 
3517 0.960023 
3518 0.930625 
3519 1.077884 
3520 1.075800 
3521 1.020667 
3522 1.062741 
3523 1.008206 
3524 1.002433 
3525 0.980521 
3526 1.090067 
3527 0.976619 
3528 1.000677 
3529 0.982925 
3530 0.975196 
3531 1.126095 
3532 0.948863 
3533 1.144262 
3534 0.999897 
3535 0.892071 
3536 0.975899 
3537 1.041909 
3538 1.042819 
3539 1.084637 
3540 1.062493 
3541 1.038604 
3542 1.020852 
3543 0.970432 
3544 1.040276 
3545 1.011899 
3546 0.923413 
3547 0.954523 
3548 0.957366 
3549 0.975052 
3550 1.037555 
3551 0.910516 
3552 0.993060 
3553 0.956591 
3554 0.982341 
3555 0.971849 
3556 1.023656 
3557 0.834836 
3558 1.093154 
3559 1.008040 
3560 1.025829 
3561 0.940549 
3562 0.938503 
3563 0.975058 
3564 0.987737 
3565 1.069172 
3566 1.012506 
3567 1.063255 
3568 0.945025 
3569 0.916549 
3570 1.013585 
3571 1.071874 
3572 0.972285 
3573 1.035854 
3574 1.152456 
3575 0.930422 
3576 0.932352 
3577 1.014831 
3578 0.947249 
3579 0.939932 
3580 1.089770 
3581 0.915601 
3582 1.153698 
3583 1.058881 
3584 1.095899 
3585 1.037117 
3586 0.982035 
3587 1.107010 
3588 1.097175 
3589 0.959838 
3590 0.913190 
3591 1.008847 
3592 1.065667 
3593 0.973623 
3594 0.993468 
3595 0.985426 
3596 1.052073 
3597 0.786043 
3598 0.901836 
3599 0.915427 
3600 0.956279 
3601 1.048943 
3602 0.915460 
3603 0.969589 
3604 0.955954 
3605 0.985936 
3606 1.064645 
3607 0.931251 
3608 0.905127 
3609 1.114713 
3610 0.945474 
3611 1.008074 
3612 1.037196 
3613 0.895755 
3614 0.940522 
3615 1.061925 
3616 1.101756 
3617 1.032046 
3618 0.879842 
3619 1.090560 
3620 1.050756 
3621 1.014035 
3622 1.011695 
3623 0.981359 
3624 0.968034 
3625 1.061705 
3626 0.966102 
3627 0.916755 
3628 0.899614 
3629 0.940091 
3630 1.004927 
3631 0.922768 
3632 1.011051 
3633 1.010563 
3634 1.034294 
3635 1.032288 
3636 0.929691 
3637 1.001983 
3638 0.945039 
3639 1.078356 
3640 1.059942 
3641 1.086029 
3642 1.034108 
3643 0.971232 
3644 1.061663 
3645 0.934254 
3646 1.018466 
3647 0.912767 
3648 1.066737 
3649 1.087503 
3650 1.050128 
3651 1.014081 
3652 1.102438 
3653 0.981567 
3654 1.143733 
3655 0.866288 
3656 0.984535 
3657 1.017326 
3658 1.072132 
3659 1.045789 
3660 1.039798 
3661 1.121321 
3662 0.908197 
3663 0.940843 
3664 1.026102 
3665 0.987295 
3666 0.949091 
3667 0.940521 
3668 0.890391 
3669 0.915387 
3670 0.987001 
3671 1.025270 
3672 0.892226 
3673 0.910912 
3674 1.079138 
3675 1.014388 
3676 1.091521 
3677 1.042563 
3678 0.996760 
3679 1.035535 
3680 1.163769 
3681 0.957185 
3682 1.107520 
3683 0.946537 
3684 1.058133 
3685 0.964635 
3686 0.955426 
3687 0.985043 
3688 0.909360 
3689 1.133641 
3690 0.978114 
3691 0.958668 
3692 0.909918 
3693 1.030789 
3694 0.985763 
3695 0.934060 
3696 1.020019 
3697 1.101667 
3698 0.839224 
3699 0.904754 
3700 0.956789 
3701 0.865504 
3702 0.941676 
3703 1.015298 
3704 1.044842 
3705 1.040537 
3706 1.032493 
3707 1.038094 
3708 1.067629 
3709 1.047429 
3710 1.076022 
3711 0.991210 
3712 1.090774 
3713 0.941434 
3714 1.095274 
3715 1.125734 
3716 1.036413 
3717 0.982457 
3718 1.036984 
3719 0.903635 
3720 1.048355 
3721 1.036387 
3722 1.078722 
3723 1.017543 
3724 0.991112 
3725 0.949280 
3726 0.964899 
3727 1.013347 
3728 1.019557 
3729 1.082494 
3730 1.028021 
3731 1.009769 
3732 1.041645 
3733 0.967762 
3734 1.113319 
3735 0.939830 
3736 0.889781 
3737 1.041398 
3738 0.956142 
3739 0.998195 
3740 0.942870 
3741 0.937820 
3742 1.030087 
3743 1.078288 
3744 1.175517 
3745 1.019562 
3746 0.889981 
3747 0.933898 
3748 1.036401 
3749 1.092307 
3750 0.940580 
3751 0.906405 
3752 1.007509 
3753 0.988514 
3754 1.033407 
3755 1.010775 
3756 0.839985 
3757 0.956553 
3758 1.038803 
3759 0.895435 
3760 1.125252 
3761 1.019681 
3762 1.124582 
3763 1.103938 
3764 1.037835 
3765 1.005637 
3766 0.975287 
3767 1.137707 
3768 0.903947 
3769 0.944221 
3770 1.000571 
3771 1.041545 
3772 0.886335 
3773 0.941859 
3774 1.026843 
3775 0.953245 
3776 0.876442 
3777 0.922234 
3778 1.021723 
3779 0.965767 
3780 0.925920 
3781 0.939516 
3782 1.107753 
3783 1.005603 
3784 1.071886 
3785 1.092177 
3786 1.019284 
3787 0.940180 
3788 0.945090 
3789 0.972120 
3790 0.966636 
3791 1.081146 
3792 1.099937 
3793 0.913313 
3794 1.102871 
3795 0.932227 
3796 1.086781 
3797 1.097582 
3798 1.044748 
3799 1.010331 
3800 1.007260 
3801 0.959157 
3802 0.983078 
3803 1.125094 
3804 0.975588 
3805 1.031835 
3806 1.072414 
3807 0.934717 
3808 1.002030 
3809 0.945772 
3810 1.080073 
3811 0.978721 
3812 1.069335 
3813 1.077646 
3814 1.029641 
3815 0.905700 
3816 0.898354 
3817 0.996928 
3818 0.973568 
3819 1.040635 
3820 0.979508 
3821 0.999423 
3822 0.981625 
3823 0.926509 
3824 1.047904 
3825 1.022346 
3826 0.993928 
3827 1.021633 
3828 1.047907 
3829 1.145963 
3830 0.938006 
3831 1.044905 
3832 1.023221 
3833 1.012425 
3834 1.000654 
3835 0.982301 
3836 1.164627 
3837 0.950063 
3838 0.991730 
3839 1.027228 
3840 0.905904 
3841 1.112392 
3842 1.092543 
3843 1.030196 
3844 1.042086 
3845 0.933949 
3846 1.062556 
3847 1.031088 
3848 0.957010 
3849 0.994644 
3850 1.031233 
3851 1.014273 
3852 1.019542 
3853 1.109142 
3854 1.094386 
3855 1.005483 
3856 0.974997 
3857 1.102150 
3858 1.047090 
3859 1.005489 
3860 0.916851 
3861 1.123024 
3862 0.956408 
3863 1.063224 
3864 0.931790 
3865 0.947696 
3866 0.876594 
3867 0.897417 
3868 1.009665 
3869 1.053793 
3870 0.934178 
3871 0.963463 
3872 0.969195 
3873 1.001391 
3874 1.015939 
3875 0.889404 
3876 0.980700 
3877 1.150023 
3878 1.033624 
3879 0.982995 
3880 0.944233 
3881 0.936203 
3882 0.842190 
3883 1.078578 
3884 0.908726 
3885 1.121242 
3886 0.993609 
3887 1.070652 
3888 0.957836 
3889 1.087860 
3890 1.065427 
3891 0.842121 
3892 0.995040 
3893 1.012646 
3894 0.891789 
3895 1.033875 
3896 0.930810 
3897 0.958521 
3898 0.838739 
3899 1.063548 
3900 1.003617 
3901 1.001940 
3902 1.050674 
3903 1.047295 
3904 1.083505 
3905 1.073708 
3906 0.973454 
3907 1.007832 
3908 0.857928 
3909 1.031017 
3910 0.954113 
3911 0.980229 
3912 1.049286 
3913 1.141085 
3914 1.080844 
3915 0.985374 
3916 0.997973 
3917 0.929250 
3918 0.985085 
3919 1.035256 
3920 0.870410 
3921 0.989449 
3922 1.039950 
3923 1.135012 
3924 0.942183 
3925 0.990922 
3926 0.965526 
3927 1.032049 
3928 1.036842 
3929 0.939417 
3930 0.853263 
3931 1.011232 
3932 1.061666 
3933 1.007132 
3934 0.942767 
3935 1.051781 
3936 0.993128 
3937 1.107871 
3938 1.044495 
3939 1.139493 
3940 0.994597 
3941 1.050723 
3942 1.003597 
3943 1.039521 
3944 1.004584 
3945 0.920812 
3946 1.017385 
3947 0.881605 
3948 1.013203 
3949 1.024034 
3950 0.855764 
3951 0.994515 
3952 0.982543 
3953 1.089278 
3954 1.009001 
3955 1.057691 
3956 1.058548 
3957 1.073466 
3958 0.947102 
3959 0.985579 
3960 1.006630 
3961 0.838676 
3962 1.000506 
3963 0.981267 
3964 1.193124 
3965 1.114053 
3966 1.001837 
3967 0.934221 
3968 0.949722 
3969 1.039599 
3970 1.085891 
3971 0.900370 
3972 0.995557 
3973 1.103356 
3974 1.031343 
3975 0.979127 
3976 0.919717 
3977 1.005573 
3978 0.964332 
3979 0.955014 
3980 0.989230 
3981 0.962051 
3982 1.013476 
3983 1.108770 
3984 0.931682 
3985 0.957859 
3986 0.902294 
3987 0.979141 
3988 0.981268 
3989 1.050054 
3990 1.047654 
3991 1.088815 
3992 1.017008 
3993 0.924292 
3994 0.970625 
3995 1.008063 
3996 0.916412 
3997 0.971394 
3998 0.967722 
3999 0.926063 
4000 0.922421 
4001 1.073538 
4002 1.021005 
4003 1.029400 
4004 1.034669 
4005 1.068946 
4006 0.896260 
4007 1.032673 
4008 0.941370 
4009 1.042490 
4010 1.001296 
4011 0.995997 
4012 0.927705 
4013 0.912903 
4014 0.842870 
4015 1.056562 
4016 0.933756 
4017 0.974805 
4018 0.875856 
4019 1.002602 
4020 1.104569 
4021 1.051450 
4022 1.097822 
4023 1.056149 
4024 0.964566 
4025 1.010441 
4026 0.926269 
4027 0.969773 
4028 1.003187 
4029 0.927441 
4030 1.018389 
4031 0.973680 
4032 1.101350 
4033 1.058200 
4034 0.984239 
4035 0.952924 
4036 1.083438 
4037 1.068420 
4038 1.062438 
4039 0.891717 
4040 0.896172 
4041 1.080563 
4042 1.025683 
4043 1.054576 
4044 0.995546 
4045 0.981612 
4046 1.008466 
4047 1.031211 
4048 1.004869 
4049 1.134228 
4050 0.929023 
4051 0.970765 
4052 0.961806 
4053 1.001957 
4054 1.083557 
4055 1.043649 
4056 1.036448 
4057 1.033058 
4058 1.067844 
4059 0.965098 
4060 1.087134 
4061 0.978811 
4062 1.103315 
4063 0.985647 
4064 0.981132 
4065 1.118060 
4066 1.056523 
4067 0.939845 
4068 1.028269 
4069 1.033724 
4070 0.961322 
4071 0.953183 
4072 0.895432 
4073 1.028176 
4074 0.891945 
4075 0.981113 
4076 1.071877 
4077 0.925754 
4078 1.156825 
4079 1.039895 
4080 0.995006 
4081 1.040577 
4082 1.064440 
4083 1.091042 
4084 0.901658 
4085 0.972158 
4086 0.857847 
4087 0.992054 
4088 0.984996 
4089 0.962077 
4090 0.809006 
4091 1.020623 
4092 1.079989 
4093 0.954850 
4094 1.036502 
4095 0.923720 
4096 0.998735 
4097 0.888200 
4098 0.895600 
4099 1.098658 
4100 1.118484 
4101 0.948753 
4102 0.963461 
4103 0.964325 
4104 1.039976 
4105 1.080436 
4106 1.121422 
4107 0.991628 
4108 0.996534 
4109 1.094656 
4110 1.087342 
4111 1.080504 
4112 1.079097 
4113 0.938757 
4114 1.082891 
4115 0.949440 
4116 0.959789 
4117 1.085829 
4118 1.070972 
4119 1.036346 
4120 1.053661 
4121 1.035940 
4122 0.890551 
4123 1.029221 
4124 1.074636 
4125 0.948038 
4126 1.002856 
4127 0.949228 
4128 1.010945 
4129 0.886460 
4130 1.021746 
4131 1.009820 
4132 1.091100 
4133 0.900349 
4134 0.976104 
4135 0.986076 
4136 0.788454 
4137 1.026529 
4138 1.028912 
4139 0.991833 
4140 0.928355 
4141 0.979574 
4142 1.009018 
4143 0.927159 
4144 0.950732 
4145 1.014008 
4146 0.933449 
4147 1.027686 
4148 1.017736 
4149 0.971877 
4150 0.945543 
4151 0.975241 
4152 1.065140 
4153 0.937583 
4154 0.972355 
4155 1.005368 
4156 1.033669 
4157 1.009369 
4158 1.064361 
4159 1.020424 
4160 0.959166 
4161 1.071270 
4162 1.062428 
4163 1.059956 
4164 0.977854 
4165 1.075433 
4166 0.908316 
4167 0.888609 
4168 1.060220 
4169 1.117123 
4170 1.007030 
4171 1.089285 
4172 1.074418 
4173 0.969778 
4174 1.079665 
4175 1.066896 
4176 1.129898 
4177 0.979767 
4178 0.983163 
4179 1.053362 
4180 1.019750 
4181 1.085202 
4182 1.067953 
4183 1.001738 
4184 1.105454 
4185 1.022303 
4186 1.073721 
4187 0.913682 
4188 0.927196 
4189 1.081304 
4190 1.041846 
4191 0.972331 
4192 0.871244 
4193 0.936069 
4194 0.993096 
4195 0.991933 
4196 0.902801 
4197 1.039068 
4198 0.974728 
4199 0.998070 
4200 0.987330 
4201 0.936147 
4202 1.120457 
4203 1.005631 
4204 1.069214 
4205 1.100542 
4206 1.123832 
4207 0.973494 
4208 1.040926 
4209 1.007467 
4210 1.114761 
4211 1.048617 
4212 1.065038 
4213 0.945027 
4214 1.031830 
4215 0.895128 
4216 0.971081 
4217 1.085822 
4218 1.020654 
4219 1.023915 
4220 1.059199 
4221 0.974989 
4222 0.935496 
4223 1.052202 
4224 1.108185 
4225 1.051913 
4226 1.082757 
4227 0.877930 
4228 1.027650 
4229 0.942555 
4230 0.952478 
4231 1.061149 
4232 1.014726 
4233 1.033909 
4234 1.075464 
4235 0.928257 
4236 0.907486 
4237 1.029910 
4238 0.965258 
4239 1.062229 
4240 0.721985 
4241 0.983383 
4242 0.879616 
4243 0.974926 
4244 0.965700 
4245 0.975114 
4246 1.047306 
4247 1.046027 
4248 0.934253 
4249 1.107994 
4250 1.042231 
4251 1.010318 
4252 1.041087 
4253 1.028902 
4254 1.026537 
4255 0.936783 
4256 0.967838 
4257 1.047920 
4258 0.914869 
4259 0.976062 
4260 0.928838 
4261 0.933284 
4262 1.008204 
4263 0.968466 
4264 0.997855 
4265 0.904254 
4266 0.984733 
4267 0.988107 
4268 0.876649 
4269 0.797772 
4270 1.023458 
4271 0.952995 
4272 1.002639 
4273 0.934848 
4274 1.008581 
4275 0.988527 
4276 0.925297 
4277 0.905736 
4278 0.906731 
4279 1.019081 
4280 0.955030 
4281 0.999164 
4282 0.968354 
4283 0.987796 
4284 1.090227 
4285 1.080661 
4286 1.135790 
4287 1.027419 
4288 0.979685 
4289 1.030901 
4290 1.080064 
4291 1.125220 
4292 1.043738 
4293 1.090837 
4294 1.007897 
4295 0.935872 
4296 0.972122 
4297 1.064761 
4298 0.897637 
4299 1.123425 
4300 0.983395 
4301 0.937888 
4302 0.907248 
4303 1.042796 
4304 1.036345 
4305 1.003168 
4306 0.940498 
4307 0.821433 
4308 1.055424 
4309 1.082476 
4310 1.067223 
4311 0.884841 
4312 1.074757 
4313 0.918242 
4314 1.011376 
4315 0.945119 
4316 0.907676 
4317 1.029822 
4318 0.946849 
4319 0.872087 
4320 0.987138 
4321 0.923970 
4322 0.979408 
4323 0.936283 
4324 1.075905 
4325 1.011022 
4326 0.934088 
4327 0.853014 
4328 1.128433 
4329 0.974312 
4330 0.988610 
4331 0.962869 
4332 1.055032 
4333 1.008949 
4334 0.943603 
4335 1.063253 
4336 1.010532 
4337 1.105304 
4338 1.014974 
4339 1.032134 
4340 0.942979 
4341 0.942740 
4342 0.985341 
4343 0.898551 
4344 0.952583 
4345 1.053417 
4346 0.960138 
4347 0.868628 
4348 1.045282 
4349 0.962849 
4350 1.057974 
4351 1.003853 
4352 1.009355 
4353 0.925999 
4354 0.968604 
4355 1.031303 
4356 1.030611 
4357 1.063002 
4358 1.043455 
4359 1.051538 
4360 0.883602 
4361 1.086885 
4362 1.017901 
4363 0.968748 
4364 1.067526 
4365 1.054715 
4366 0.986389 
4367 0.987773 
4368 0.943677 
4369 1.113559 
4370 1.081415 
4371 0.978001 
4372 1.020108 
4373 0.967173 
4374 0.982654 
4375 0.853053 
4376 0.941827 
4377 1.061149 
4378 1.028441 
4379 0.934432 
4380 1.040175 
4381 1.058322 
4382 1.138265 
4383 0.995546 
4384 1.016429 
4385 0.856910 
4386 0.955708 
4387 1.079223 
4388 0.947870 
4389 1.105215 
4390 0.905743 
4391 0.969789 
4392 0.919666 
4393 0.961356 
4394 1.058188 
4395 1.037109 
4396 0.958048 
4397 1.009064 
4398 1.053275 
4399 1.035476 
4400 1.038287 
4401 0.997619 
4402 1.027455 
4403 1.045974 
4404 1.023442 
4405 0.938643 
4406 1.073352 
4407 0.982500 
4408 1.039021 
4409 0.946838 
4410 0.968317 
4411 0.994874 
4412 0.915934 
4413 1.007841 
4414 1.081082 
4415 0.980976 
4416 1.011314 
4417 1.169635 
4418 1.038973 
4419 0.959761 
4420 1.062672 
4421 1.137107 
4422 0.940954 
4423 0.925876 
4424 0.934318 
4425 1.014632 
4426 0.960009 
4427 1.023231 
4428 1.061210 
4429 1.008316 
4430 1.029405 
4431 0.950378 
4432 1.004519 
4433 0.997963 
4434 1.099502 
4435 1.031894 
4436 1.055990 
4437 1.107044 
4438 0.896994 
4439 0.889681 
4440 1.058524 
4441 0.979809 
4442 1.044700 
4443 1.085606 
4444 0.931424 
4445 0.930546 
4446 0.975225 
4447 1.128593 
4448 0.972651 
4449 1.002072 
4450 0.992845 
4451 1.075555 
4452 1.029884 
4453 1.022185 
4454 0.996046 
4455 1.106097 
4456 1.097185 
4457 0.904324 
4458 1.018682 
4459 1.044925 
4460 1.025415 
4461 0.914207 
4462 1.069418 
4463 0.990536 
4464 1.070475 
4465 0.923908 
4466 0.965523 
4467 1.008206 
4468 0.973255 
4469 1.137420 
4470 1.043233 
4471 1.024900 
4472 0.995931 
4473 0.952248 
4474 0.905599 
4475 1.000249 
4476 1.060323 
4477 0.982430 
4478 1.102683 
4479 1.028066 
4480 1.044689 
4481 0.899285 
4482 0.931710 
4483 1.125083 
4484 0.958065 
4485 0.917029 
4486 1.008012 
4487 1.073030 
4488 0.989649 
4489 1.033189 
4490 0.907200 
4491 1.082461 
4492 1.140692 
4493 0.992171 
4494 1.057616 
4495 0.908165 
4496 1.008449 
4497 1.068701 
4498 1.066602 
4499 1.019643 
4500 0.947305 
4501 1.075668 
4502 0.945175 
4503 0.974059 
4504 1.030845 
4505 1.019441 
4506 1.164591 
4507 0.967714 
4508 1.052995 
4509 1.042879 
4510 0.987980 
4511 0.978248 
4512 1.106797 
4513 0.895877 
4514 0.969228 
4515 1.042092 
4516 0.967382 
4517 1.021285 
4518 1.053885 
4519 0.892579 
4520 1.019316 
4521 1.078613 
4522 0.936493 
4523 1.019721 
4524 1.011195 
4525 1.097447 
4526 0.910040 
4527 0.954746 
4528 1.039756 
4529 0.969828 
4530 0.955139 
4531 0.983551 
4532 1.058957 
4533 1.044027 
4534 1.020406 
4535 0.959301 
4536 1.016089 
4537 0.976182 
4538 0.979229 
4539 1.011207 
4540 1.092017 
4541 0.976912 
4542 0.912255 
4543 0.966862 
4544 1.104475 
4545 0.983302 
4546 1.016461 
4547 0.933862 
4548 0.950537 
4549 1.016515 
4550 0.991670 
4551 1.005610 
4552 1.111149 
4553 1.007809 
4554 0.955462 
4555 1.034827 
4556 0.924961 
4557 0.997798 
4558 0.933598 
4559 0.885739 
4560 0.994843 
4561 0.914476 
4562 0.985359 
4563 1.003553 
4564 0.911023 
4565 1.069961 
4566 0.934004 
4567 1.021815 
4568 0.988384 
4569 1.024801 
4570 1.015695 
4571 1.044336 
4572 1.001701 
4573 1.055623 
4574 0.931020 
4575 0.949843 
4576 0.918450 
4577 0.973228 
4578 1.110564 
4579 0.970963 
4580 1.119603 
4581 1.025369 
4582 1.044077 
4583 0.908235 
4584 1.101233 
4585 0.900326 
4586 0.940909 
4587 1.035777 
4588 0.998938 
4589 1.033212 
4590 0.999708 
4591 1.172289 
4592 0.992571 
4593 1.043185 
4594 1.064125 
4595 0.984398 
4596 1.036649 
4597 0.840677 
4598 1.046618 
4599 1.025384 
4600 1.011311 
4601 1.000068 
4602 0.844418 
4603 0.952940 
4604 1.044416 
4605 1.098122 
4606 0.991059 
4607 1.126937 
4608 1.084571 
4609 0.941347 
4610 1.014486 
4611 0.923503 
4612 1.009590 
4613 0.970961 
4614 1.076598 
4615 0.996856 
4616 1.067842 
4617 0.957190 
4618 1.020445 
4619 0.920626 
4620 1.096717 
4621 1.089135 
4622 1.057937 
4623 1.027565 
4624 1.036279 
4625 0.973915 
4626 0.996322 
4627 0.976709 
4628 1.016899 
4629 1.142465 
4630 0.988905 
4631 0.951819 
4632 1.136366 
4633 1.070584 
4634 1.025900 
4635 0.938820 
4636 0.948643 
4637 1.059919 
4638 0.993877 
4639 0.975127 
4640 1.078963 
4641 1.002212 
4642 0.952555 
4643 1.061629 
4644 0.932247 
4645 0.897679 
4646 1.046283 
4647 1.030339 
4648 0.887695 
4649 0.980527 
4650 1.025396 
4651 1.058583 
4652 1.085654 
4653 0.967070 
4654 1.020110 
4655 1.124628 
4656 0.940900 
4657 1.046075 
4658 0.980228 
4659 0.960746 
4660 0.947975 
4661 1.020982 
4662 1.067904 
4663 0.899959 
4664 0.933198 
4665 0.965236 
4666 0.995290 
4667 1.114289 
4668 0.864164 
4669 0.873024 
4670 0.973843 
4671 0.899601 
4672 0.979924 
4673 0.919744 
4674 0.972846 
4675 1.062667 
4676 0.993835 
4677 1.008216 
4678 0.967434 
4679 1.017754 
4680 1.008043 
4681 0.984299 
4682 1.103609 
4683 1.035217 
4684 1.037933 
4685 1.117789 
4686 1.070026 
4687 1.018759 
4688 0.973681 
4689 1.140074 
4690 0.928467 
4691 0.966481 
4692 1.021446 
4693 1.029690 
4694 1.057925 
4695 0.978426 
4696 0.962358 
4697 1.096170 
4698 0.881661 
4699 1.038873 
4700 0.904090 
4701 0.982051 
4702 1.056775 
4703 0.962649 
4704 1.090643 
4705 1.049443 
4706 1.075175 
4707 1.013007 
4708 0.918162 
4709 0.958491 
4710 0.980463 
4711 1.031886 
4712 1.077676 
4713 0.975879 
4714 0.845505 
4715 1.145325 
4716 1.048463 
4717 1.018402 
4718 1.050292 
4719 1.012393 
4720 0.958195 
4721 1.075562 
4722 0.975571 
4723 0.903333 
4724 1.067459 
4725 0.958371 
4726 1.038889 
4727 1.039803 
4728 0.955278 
4729 1.007933 
4730 1.124908 
4731 0.926414 
4732 1.015446 
4733 0.903412 
4734 0.928061 
4735 0.904784 
4736 1.022290 
4737 1.015046 
4738 1.028647 
4739 0.959804 
4740 1.087080 
4741 1.063145 
4742 0.926831 
4743 1.015365 
4744 0.984987 
4745 1.043004 
4746 1.010936 
4747 1.115115 
4748 0.898221 
4749 1.012122 
4750 1.026556 
4751 1.031370 
4752 0.961071 
4753 0.895730 
4754 1.049330 
4755 0.967434 
4756 1.005212 
4757 0.924063 
4758 1.077743 
4759 1.110346 
4760 0.839168 
4761 1.120318 
4762 1.071108 
4763 0.973470 
4764 0.947588 
4765 0.949109 
4766 1.004739 
4767 1.020613 
4768 1.086537 
4769 1.045415 
4770 1.035563 
4771 0.999811 
4772 0.878914 
4773 1.129569 
4774 1.004759 
4775 1.028113 
4776 0.974510 
4777 0.932858 
4778 0.972400 
4779 0.956672 
4780 0.846072 
4781 1.042221 
4782 1.068230 
4783 1.040202 
4784 0.951092 
4785 0.969790 
4786 1.210946 
4787 0.986515 
4788 1.064273 
4789 0.896576 
4790 1.050386 
4791 1.059445 
4792 1.154398 
4793 1.075896 
4794 1.029595 
4795 1.111978 
4796 1.037199 
4797 1.113837 
4798 1.037016 
4799 0.929861 
4800 1.107745 
4801 0.971005 
4802 1.122086 
4803 1.024681 
4804 0.948338 
4805 0.928650 
4806 1.153533 
4807 0.962425 
4808 0.923647 
4809 0.990523 
4810 0.854867 
4811 1.020156 
4812 0.957761 
4813 0.933013 
4814 1.235041 
4815 0.944117 
4816 1.007656 
4817 0.870529 
4818 1.114433 
4819 1.067485 
4820 1.004315 
4821 0.929896 
4822 1.064999 
4823 0.992194 
4824 0.996797 
4825 0.959610 
4826 1.033407 
4827 1.002445 
4828 0.944895 
4829 0.950211 
4830 1.024157 
4831 0.946456 
4832 0.961659 
4833 1.060256 
4834 0.876272 
4835 0.911146 
4836 1.068056 
4837 1.067985 
4838 0.965259 
4839 0.852428 
4840 0.938450 
4841 1.000009 
4842 0.918536 
4843 1.033129 
4844 0.904059 
4845 1.007719 
4846 1.059144 
4847 0.964422 
4848 1.009256 
4849 0.966799 
4850 0.988865 
4851 1.033997 
4852 1.072312 
4853 1.097773 
4854 1.009768 
4855 0.949680 
4856 0.896280 
4857 1.078442 
4858 0.870740 
4859 1.030863 
4860 1.053701 
4861 0.957174 
4862 0.978226 
4863 0.851304 
4864 1.046064 
4865 1.031139 
4866 0.897279 
4867 1.007798 
4868 1.097978 
4869 1.047589 
4870 1.009662 
4871 0.956076 
4872 0.916675 
4873 1.044167 
4874 0.957990 
4875 1.057595 
4876 1.062333 
4877 1.087602 
4878 1.010293 
4879 1.150522 
4880 0.907112 
4881 1.077529 
4882 0.932184 
4883 0.966995 
4884 0.956958 
4885 0.968215 
4886 0.980488 
4887 1.069154 
4888 1.046258 
4889 1.001545 
4890 0.977293 
4891 1.041605 
4892 1.072449 
4893 1.039997 
4894 0.965917 
4895 0.848419 
4896 0.972562 
4897 1.079918 
4898 1.062561 
4899 0.892283 
4900 1.013756 
4901 1.045426 
4902 1.069456 
4903 1.118281 
4904 1.020273 
4905 1.027244 
4906 1.120539 
4907 0.954670 
4908 1.030095 
4909 1.066354 
4910 1.060146 
4911 1.058129 
4912 1.045673 
4913 1.060009 
4914 0.896399 
4915 1.107875 
4916 0.958332 
4917 1.013048 
4918 1.044131 
4919 0.930017 
4920 0.992640 
4921 1.005554 
4922 0.979055 
4923 0.988160 
4924 0.902207 
4925 0.958894 
4926 0.932915 
4927 0.989329 
4928 0.902329 
4929 0.948488 
4930 1.008161 
4931 0.947479 
4932 1.057778 
4933 0.935108 
4934 0.888281 
4935 0.976475 
4936 1.050704 
4937 0.935014 
4938 0.968379 
4939 0.983944 
4940 1.084518 
4941 0.829606 
4942 1.107584 
4943 0.963602 
4944 0.966792 
4945 1.073860 
4946 1.043544 
4947 1.041225 
4948 1.052986 
4949 0.923083 
4950 0.997089 
4951 0.922202 
4952 1.029050 
4953 1.001088 
4954 0.967173 
4955 0.924376 
4956 1.008447 
4957 0.961897 
4958 0.939449 
4959 0.846776 
4960 1.049540 
4961 1.060414 
4962 1.005413 
4963 0.979363 
4964 0.922239 
4965 0.979626 
4966 0.928739 
4967 1.068247 
4968 0.969753 
4969 0.963249 
4970 0.988099 
4971 0.984111 
4972 1.067403 
4973 1.033452 
4974 1.032948 
4975 1.018531 
4976 1.109035 
4977 1.019319 
4978 1.008042 
4979 1.009384 
4980 0.989640 
4981 1.070748 
4982 1.042069 
4983 1.014819 
4984 0.995490 
4985 1.081477 
4986 1.009709 
4987 1.021847 
4988 1.040877 
4989 1.026325 
4990 1.042452 
4991 0.922434 
4992 1.057211 
4993 0.941052 
4994 0.831055 
4995 0.915990 
4996 0.906794 
4997 1.047704 
4998 0.894722 
4999 0.997431 
5000 0.968968 
5001 0.974613 
5002 0.942883 
5003 0.976062 
5004 1.040271 
5005 1.148013 
5006 0.975158 
5007 1.019081 
5008 0.921927 
5009 0.996710 
5010 0.988673 
5011 1.053140 
5012 0.956042 
5013 1.030192 
5014 1.063198 
5015 0.964598 
5016 0.818047 
5017 0.911705 
5018 0.984163 
5019 0.997376 
5020 0.931029 
5021 1.042584 
5022 1.091599 
5023 0.957763 
5024 1.016823 
5025 0.918302 
5026 0.979314 
5027 1.056239 
5028 1.034464 
5029 0.945138 
5030 1.002578 
5031 0.968819 
5032 1.022104 
5033 0.989684 
5034 1.031772 
5035 0.978873 
5036 0.973835 
5037 0.980080 
5038 0.996620 
5039 0.961986 
5040 1.075774 
5041 0.994626 
5042 1.005498 
5043 0.948501 
5044 0.840362 
5045 0.888710 
5046 1.034570 
5047 1.078723 
5048 0.997899 
5049 1.036337 
5050 0.938152 
5051 1.056532 
5052 0.921993 
5053 1.014736 
5054 0.978547 
5055 0.996104 
5056 0.904357 
5057 0.892527 
5058 0.993176 
5059 1.044138 
5060 0.967958 
5061 0.995190 
5062 1.026182 
5063 1.149055 
5064 0.823205 
5065 1.010062 
5066 0.940399 
5067 0.954277 
5068 1.125098 
5069 0.845943 
5070 0.954199 
5071 0.900619 
5072 1.034308 
5073 1.099027 
5074 0.942103 
5075 1.003570 
5076 1.038583 
5077 0.901089 
5078 1.041587 
5079 1.018503 
5080 1.080573 
5081 0.943388 
5082 1.049130 
5083 0.875190 
5084 1.118273 
5085 1.052211 
5086 0.935604 
5087 1.126808 
5088 1.132295 
5089 0.817623 
5090 0.989538 
5091 0.930916 
5092 1.007191 
5093 0.990285 
5094 1.015328 
5095 1.068889 
5096 1.176761 
5097 0.914468 
5098 0.962057 
5099 1.100532 
5100 1.002510 
5101 1.038341 
5102 1.005260 
5103 0.958526 
5104 0.899994 
5105 1.004677 
5106 0.918529 
5107 1.030128 
5108 0.946943 
5109 1.030231 
5110 1.032311 
5111 1.021854 
5112 0.931921 
5113 1.043885 
5114 0.856108 
5115 1.007482 
5116 1.051913 
5117 1.160165 
5118 1.009970 
5119 1.169565 
5120 0.956362 
5121 0.976780 
5122 1.098340 
5123 0.924621 
5124 1.026245 
5125 0.916406 
5126 0.965867 
5127 1.172095 
5128 0.930420 
5129 0.938803 
5130 1.032006 
5131 0.996328 
5132 1.108442 
5133 0.978905 
5134 1.080873 
5135 1.027537 
5136 0.885847 
5137 1.032230 
5138 1.015740 
5139 1.042251 
5140 0.984553 
5141 0.989427 
5142 0.970131 
5143 0.979266 
5144 0.908078 
5145 1.114707 
5146 1.054184 
5147 0.964465 
5148 0.980331 
5149 0.954474 
5150 1.041840 
5151 1.025384 
5152 1.163463 
5153 1.105974 
5154 0.941655 
5155 0.950703 
5156 0.988690 
5157 0.917177 
5158 1.014772 
5159 1.008676 
5160 1.009395 
5161 0.999679 
5162 0.858006 
5163 0.994608 
5164 1.032651 
5165 0.949063 
5166 0.962605 
5167 0.971982 
5168 1.077421 
5169 0.942085 
5170 0.996802 
5171 0.911400 
5172 1.042774 
5173 1.099817 
5174 1.102741 
5175 0.927791 
5176 1.049071 
5177 0.795176 
5178 1.062166 
5179 1.078344 
5180 0.972222 
5181 0.927737 
5182 0.974762 
5183 0.800953 
5184 1.105257 
5185 0.972985 
5186 0.886386 
5187 0.906141 
5188 1.041480 
5189 1.029892 
5190 0.967969 
5191 1.054399 
5192 0.968739 
5193 0.945627 
5194 1.041856 
5195 0.959464 
5196 0.942350 
5197 1.057651 
5198 0.988911 
5199 0.930468 
5200 0.949946 
5201 1.151871 
5202 1.059859 
5203 1.190489 
5204 1.064056 
5205 0.882232 
5206 0.996046 
5207 1.026967 
5208 0.952330 
5209 0.880681 
5210 1.010562 
5211 1.147432 
5212 1.049060 
5213 0.907561 
5214 0.949179 
5215 1.106397 
5216 1.057388 
5217 0.988156 
5218 0.944674 
5219 0.895088 
5220 0.906982 
5221 1.020376 
5222 1.043804 
5223 0.903873 
5224 1.112937 
5225 0.978716 
5226 1.010835 
5227 0.945488 
5228 1.027386 
5229 1.142378 
5230 0.979910 
5231 1.008347 
5232 1.033923 
5233 1.018333 
5234 0.901748 
5235 1.118362 
5236 1.078585 
5237 1.026846 
5238 0.971072 
5239 1.134211 
5240 0.950556 
5241 0.912491 
5242 0.989788 
5243 1.074684 
5244 0.952380 
5245 1.023858 
5246 1.079061 
5247 0.986351 
5248 1.053208 
5249 0.891222 
5250 1.022009 
5251 0.907830 
5252 0.987279 
5253 0.962212 
5254 1.044683 
5255 0.928924 
5256 0.973568 
5257 1.041547 
5258 0.941238 
5259 0.997104 
5260 0.952624 
5261 0.941490 
5262 1.101585 
5263 1.001465 
5264 0.921995 
5265 0.949538 
5266 0.863479 
5267 1.088740 
5268 1.119721 
5269 1.019347 
5270 1.018027 
5271 1.163088 
5272 0.984772 
5273 0.910525 
5274 0.969191 
5275 1.011947 
5276 1.006553 
5277 0.930698 
5278 1.045470 
5279 0.953543 
5280 0.920348 
5281 0.936878 
5282 0.995278 
5283 0.975390 
5284 1.034478 
5285 1.084610 
5286 0.965014 
5287 1.046042 
5288 0.927258 
5289 1.108552 
5290 1.030714 
5291 0.878944 
5292 0.979038 
5293 0.994215 
5294 0.945172 
5295 1.104271 
5296 1.027932 
5297 0.983439 
5298 0.997461 
5299 1.043196 
5300 1.052449 
5301 0.977906 
5302 1.097224 
5303 1.065040 
5304 0.959584 
5305 0.965219 
5306 0.913771 
5307 1.055753 
5308 0.925540 
5309 1.113131 
5310 1.011635 
5311 0.905095 
5312 0.970933 
5313 0.943958 
5314 0.985417 
5315 1.091778 
5316 1.061269 
5317 0.888850 
5318 0.958767 
5319 0.815061 
5320 1.136279 
5321 1.009643 
5322 1.090411 
5323 1.100056 
5324 0.973594 
5325 0.995292 
5326 1.012670 
5327 0.949180 
5328 1.073690 
5329 0.939344 
5330 0.991358 
5331 1.035880 
5332 1.083083 
5333 0.930539 
5334 1.022876 
5335 1.074933 
5336 1.117862 
5337 0.956364 
5338 1.054197 
5339 1.065582 
5340 1.059344 
5341 1.003209 
5342 0.918568 
5343 1.018586 
5344 0.954948 
5345 0.937672 
5346 1.094525 
5347 1.049473 
5348 1.031480 
5349 0.942832 
5350 1.070011 
5351 1.023643 
5352 1.061667 
5353 0.977861 
5354 1.027417 
5355 1.006876 
5356 0.935437 
5357 0.992211 
5358 1.047271 
5359 1.051877 
5360 0.946607 
5361 1.089301 
5362 1.011761 
5363 1.051749 
5364 1.041138 
5365 1.033917 
5366 0.979258 
5367 0.901711 
5368 1.124287 
5369 0.956922 
5370 1.030725 
5371 1.006832 
5372 1.131420 
5373 1.026975 
5374 1.064690 
5375 1.030285 
5376 1.121817 
5377 1.049227 
5378 1.004116 
5379 0.978271 
5380 1.009296 
5381 1.059550 
5382 0.963985 
5383 1.118814 
5384 1.096789 
5385 1.064760 
5386 0.999710 
5387 1.105500 
5388 1.011979 
5389 1.070104 
5390 1.149510 
5391 0.992067 
5392 1.138660 
5393 0.960915 
5394 0.947548 
5395 1.032296 
5396 1.064374 
5397 1.004091 
5398 1.022215 
5399 0.879210 
5400 1.072735 
5401 1.089162 
5402 0.954537 
5403 0.994618 
5404 1.030040 
5405 0.988191 
5406 0.885141 
5407 1.094048 
5408 0.950644 
5409 1.094904 
5410 0.990577 
5411 1.013182 
5412 1.072767 
5413 1.007002 
5414 0.944197 
5415 1.042788 
5416 0.959400 
5417 0.969710 
5418 0.957479 
5419 1.051213 
5420 1.118875 
5421 1.063786 
5422 0.968717 
5423 1.000426 
5424 0.917715 
5425 1.085751 
5426 1.068544 
5427 0.878868 
5428 1.000831 
5429 0.994808 
5430 0.916737 
5431 1.088394 
5432 1.002189 
5433 0.979563 
5434 0.997076 
5435 1.086927 
5436 0.989119 
5437 0.961485 
5438 1.029516 
5439 0.949470 
5440 1.029518 
5441 0.983419 
5442 1.043806 
5443 1.138629 
5444 1.071972 
5445 0.924150 
5446 1.031398 
5447 1.044430 
5448 1.138984 
5449 1.093130 
5450 0.983628 
5451 0.885821 
5452 1.122966 
5453 1.044375 
5454 0.964185 
5455 1.143633 
5456 0.929246 
5457 0.954366 
5458 1.053639 
5459 0.998270 
5460 1.109653 
5461 0.951483 
5462 1.123658 
5463 1.084376 
5464 1.131768 
5465 1.112873 
5466 0.919283 
5467 0.905688 
5468 0.957610 
5469 1.121738 
5470 0.923336 
5471 1.043128 
5472 1.007244 
5473 1.026645 
5474 1.011566 
5475 1.036223 
5476 0.988227 
5477 0.883470 
5478 0.892926 
5479 0.984666 
5480 0.942667 
5481 1.054678 
5482 0.924443 
5483 0.994100 
5484 0.966728 
5485 1.004986 
5486 0.956789 
5487 1.020543 
5488 1.022683 
5489 1.093834 
5490 1.034904 
5491 0.959016 
5492 0.912330 
5493 1.008667 
5494 0.917451 
5495 0.825186 
5496 0.895065 
5497 1.121386 
5498 1.013204 
5499 1.025183 
5500 0.981364 
5501 1.008099 
5502 1.098922 
5503 0.975225 
5504 1.139198 
5505 1.068861 
5506 0.932500 
5507 0.998076 
5508 0.915128 
5509 0.979182 
5510 1.100385 
5511 0.970485 
5512 0.998942 
5513 0.940522 
5514 1.022530 
5515 1.047151 
5516 1.117921 
5517 1.001118 
5518 1.073210 
5519 1.007656 
5520 0.910474 
5521 0.969576 
5522 1.044083 
5523 0.962613 
5524 0.984734 
5525 0.887137 
5526 1.039509 
5527 0.947126 
5528 0.915075 
5529 1.055236 
5530 0.993175 
5531 0.959489 
5532 0.993304 
5533 0.940510 
5534 1.043603 
5535 0.973050 
5536 1.048947 
5537 1.021969 
5538 0.848726 
5539 0.997804 
5540 1.008567 
5541 1.007633 
5542 1.012449 
5543 0.985838 
5544 1.060782 
5545 1.002837 
5546 1.122954 
5547 1.047074 
5548 0.981607 
5549 1.098456 
5550 1.077544 
5551 1.068499 
5552 1.033713 
5553 1.033582 
5554 1.025079 
5555 1.112179 
5556 0.823320 
5557 1.053863 
5558 1.030200 
5559 1.088786 
5560 0.964980 
5561 0.993107 
5562 1.058618 
5563 0.975544 
5564 0.992513 
5565 0.907229 
5566 0.969582 
5567 0.944285 
5568 0.946814 
5569 1.079706 
5570 0.986245 
5571 1.024205 
5572 0.968443 
5573 0.942290 
5574 1.010180 
5575 1.017614 
5576 0.978566 
5577 1.045822 
5578 0.984569 
5579 0.914783 
5580 0.903871 
5581 1.095390 
5582 0.988190 
5583 1.031917 
5584 1.099651 
5585 1.005407 
5586 1.019254 
5587 0.930721 
5588 0.988565 
5589 0.944835 
5590 0.988216 
5591 1.071075 
5592 0.997059 
5593 0.966972 
5594 0.932843 
5595 1.037529 
5596 0.946067 
5597 0.972893 
5598 1.052107 
5599 0.946279 
5600 1.012180 
5601 0.960550 
5602 0.967679 
5603 1.000496 
5604 0.954869 
5605 0.950124 
5606 0.989794 
5607 0.959691 
5608 0.956268 
5609 0.947884 
5610 1.097352 
5611 1.150852 
5612 1.013642 
5613 1.048890 
5614 1.100645 
5615 0.976837 
5616 0.898693 
5617 1.056568 
5618 1.041033 
5619 0.952479 
5620 0.990152 
5621 1.122769 
5622 0.911560 
5623 1.046124 
5624 0.940875 
5625 1.033715 
5626 0.910973 
5627 0.925646 
5628 1.039151 
5629 0.936069 
5630 0.892896 
5631 1.025003 
5632 1.013214 
5633 0.956141 
5634 1.067265 
5635 0.993713 
5636 0.908440 
5637 1.085194 
5638 0.972567 
5639 0.973335 
5640 1.070019 
5641 1.065603 
5642 1.021554 
5643 1.044904 
5644 1.042715 
5645 0.881831 
5646 1.056499 
5647 0.963697 
5648 0.968954 
5649 0.912939 
5650 1.006162 
5651 1.082952 
5652 1.014042 
5653 1.002433 
5654 1.054670 
5655 1.072944 
5656 0.965540 
5657 0.970335 
5658 1.102924 
5659 0.965225 
5660 1.092782 
5661 0.966207 
5662 0.953682 
5663 0.886351 
5664 1.006535 
5665 0.972073 
5666 1.114962 
5667 1.071467 
5668 1.007816 
5669 1.036778 
5670 1.049601 
5671 0.979540 
5672 1.048717 
5673 0.919781 
5674 1.078713 
5675 0.969692 
5676 1.000839 
5677 0.916330 
5678 1.010286 
5679 1.140041 
5680 1.057826 
5681 0.933300 
5682 0.996229 
5683 1.092289 
5684 1.010682 
5685 0.977327 
5686 0.943085 
5687 1.058841 
5688 1.008405 
5689 1.054079 
5690 1.003949 
5691 1.088015 
5692 0.977868 
5693 0.880325 
5694 1.110396 
5695 1.089239 
5696 0.990450 
5697 1.002271 
5698 0.930539 
5699 0.984216 
5700 0.871872 
5701 1.006897 
5702 0.966749 
5703 0.932293 
5704 1.001995 
5705 1.025063 
5706 0.958802 
5707 0.954557 
5708 0.898156 
5709 0.988013 
5710 1.001962 
5711 0.904516 
5712 0.973371 
5713 0.985579 
5714 0.978344 
5715 1.098758 
5716 1.089079 
5717 0.929132 
5718 0.893679 
5719 1.027758 
5720 1.012274 
5721 1.067603 
5722 0.966135 
5723 1.059908 
5724 0.905117 
5725 1.022449 
5726 0.929654 
5727 1.001067 
5728 1.064197 
5729 1.044398 
5730 0.982859 
5731 1.018598 
5732 0.965777 
5733 1.039049 
5734 1.000121 
5735 0.937786 
5736 0.980984 
5737 0.971822 
5738 0.977929 
5739 0.947586 
5740 0.924632 
5741 1.099914 
5742 1.141769 
5743 1.069784 
5744 1.005090 
5745 1.072095 
5746 1.028923 
5747 0.891330 
5748 0.965188 
5749 1.031974 
5750 1.107533 
5751 0.945424 
5752 0.936966 
5753 1.051330 
5754 0.987916 
5755 0.999023 
5756 1.037488 
5757 1.135942 
5758 1.015758 
5759 0.945237 
5760 0.955624 
5761 1.013925 
5762 1.083933 
5763 1.052161 
5764 0.938074 
5765 1.033064 
5766 0.994002 
5767 0.985112 
5768 0.993277 
5769 0.947768 
5770 1.048796 
5771 0.941910 
5772 0.962034 
5773 1.068847 
5774 1.006522 
5775 0.978015 
5776 1.057300 
5777 0.973290 
5778 0.947821 
5779 0.975843 
5780 1.015520 
5781 0.940259 
5782 1.030742 
5783 1.070096 
5784 1.117663 
5785 1.011004 
5786 1.054663 
5787 1.125221 
5788 0.951195 
5789 1.011335 
5790 1.144730 
5791 0.918049 
5792 1.019671 
5793 1.027707 
5794 1.057169 
5795 1.029366 
5796 1.035604 
5797 1.062512 
5798 0.996265 
5799 1.131930 
5800 0.959881 
5801 0.956148 
5802 0.978669 
5803 0.898990 
5804 1.092038 
5805 0.965197 
5806 1.127687 
5807 0.922653 
5808 0.980311 
5809 0.977872 
5810 1.020716 
5811 1.020070 
5812 0.975206 
5813 1.004146 
5814 1.034603 
5815 0.995380 
5816 1.011686 
5817 0.955396 
5818 1.035319 
5819 0.975506 
5820 0.954490 
5821 0.935453 
5822 1.107004 
5823 0.974466 
5824 1.075844 
5825 0.982414 
5826 0.887992 
5827 0.975921 
5828 0.981903 
5829 0.985410 
5830 0.928741 
5831 1.135850 
5832 1.025628 
5833 0.921050 
5834 1.092176 
5835 1.040782 
5836 0.954257 
5837 0.927242 
5838 1.072550 
5839 0.882581 
5840 0.870638 
5841 1.058214 
5842 0.925859 
5843 0.930174 
5844 0.967628 
5845 1.063923 
5846 0.899148 
5847 0.997207 
5848 1.049556 
5849 0.991500 
5850 1.091348 
5851 1.054981 
5852 1.028733 
5853 0.955536 
5854 1.002243 
5855 1.035617 
5856 1.040986 
5857 0.993967 
5858 1.031547 
5859 0.991169 
5860 0.984814 
5861 0.969003 
5862 0.983136 
5863 0.958374 
5864 0.980853 
5865 0.965875 
5866 0.989550 
5867 1.077652 
5868 1.061818 
5869 1.029635 
5870 1.012000 
5871 0.956778 
5872 1.052666 
5873 0.995067 
5874 0.996518 
5875 1.031905 
5876 1.029043 
5877 0.891046 
5878 0.995070 
5879 1.060416 
5880 1.048159 
5881 0.879622 
5882 0.906609 
5883 0.899680 
5884 1.049224 
5885 1.055026 
5886 1.017478 
5887 0.997561 
5888 0.943931 
5889 1.050396 
5890 1.068582 
5891 0.936017 
5892 0.996540 
5893 0.961168 
5894 0.927318 
5895 1.070553 
5896 1.117805 
5897 1.007602 
5898 1.114694 
5899 0.914583 
5900 1.106310 
5901 1.139401 
5902 0.942924 
5903 0.956012 
5904 0.954610 
5905 1.086782 
5906 0.914562 
5907 1.091806 
5908 0.922135 
5909 0.986359 
5910 0.961394 
5911 1.012016 
5912 1.020326 
5913 1.002835 
5914 0.970235 
5915 1.006678 
5916 1.007236 
5917 1.052745 
5918 0.978220 
5919 0.993907 
5920 1.018954 
5921 0.913349 
5922 0.993140 
5923 1.044331 
5924 0.948820 
5925 0.958775 
5926 1.104002 
5927 0.873367 
5928 0.950762 
5929 0.985164 
5930 1.013574 
5931 1.020676 
5932 1.105306 
5933 0.993656 
5934 1.095151 
5935 1.052658 
5936 1.001522 
5937 1.063470 
5938 0.978807 
5939 1.049684 
5940 1.005308 
5941 1.089521 
5942 0.983051 
5943 1.040858 
5944 1.029811 
5945 0.945623 
5946 1.001739 
5947 1.050028 
5948 0.964763 
5949 0.901216 
5950 1.138713 
5951 1.120235 
5952 1.054909 
5953 1.103625 
5954 0.989865 
5955 1.041934 
5956 1.045513 
5957 1.067990 
5958 1.046095 
5959 0.974176 
5960 1.093067 
5961 0.967237 
5962 0.892983 
5963 0.927561 
5964 0.948407 
5965 0.948019 
5966 0.985833 
5967 0.922484 
5968 1.013443 
5969 1.036690 
5970 1.111273 
5971 1.020508 
5972 0.876079 
5973 0.982337 
5974 0.939775 
5975 1.083939 
5976 0.944680 
5977 1.062167 
5978 1.006707 
5979 0.822237 
5980 0.943053 
5981 1.072571 
5982 0.988454 
5983 1.049215 
5984 1.105720 
5985 0.923224 
5986 0.973632 
5987 1.046968 
5988 1.025476 
5989 0.947698 
5990 0.933588 
5991 0.823906 
5992 0.935447 
5993 0.936794 
5994 0.999547 
5995 0.972393 
5996 0.939594 
5997 0.960736 
5998 1.102438 
5999 0.914722 
