20 0.024286 0.005436 
20 0.024436 0.005143 
20 0.024092 0.005395 
20 0.024114 0.005229 
20 0.038046 0.111909 
20 0.062406 0.186902 
20 0.077452 0.219013 
20 0.131408 0.300780 
20 0.220394 0.384653 
20 0.288776 0.426604 
20 0.317506 0.439229 
20 0.345984 0.450146 
20 0.404864 0.466518 
20 0.501754 0.475782 
20 0.612072 0.462491 
20 0.619784 0.460393 
20 0.688576 0.437239 
20 0.753168 0.402873 
20 0.803932 0.365671 
20 0.870684 0.297637 
20 0.901318 0.255405 
20 0.935884 0.191146 
20 0.960288 0.119673 
20 0.975456 0.005126 
20 0.975878 0.005231 
20 0.975724 0.005115 
20 0.975720 0.005428 
20 0.975806 0.005281 
